1 0.34765625 0.51015625 0.01640625 0.0203125
1 0.334375 0.5078125 0.01640625 0.02109375
1 0.26328125 0.51015625 0.02109375 0.03046875
1 0.37265625 0.515625 0.02109375 0.025
1 0.428125 0.52265625 0.021875 0.040625
1 0.38671875 0.51953125 0.0203125 0.02890625
1 0.40234375 0.52265625 0.025 0.0328125
1 0.934375 0.559375 0.13125 0.3828125
1 0.234375 0.51484375 0.0453125 0.04140625
1 0.5546875 0.53671875 0.06796875 0.09765625
1 0.45546875 0.52421875 0.05234375 0.04921875
1 0.80703125 0.5515625 0.14375 0.1875
1 0.65546875 0.54921875 0.18984375 0.1484375
