1 0.3875 0.58203125 0.0125 0.02890625
1 0.39453125 0.584375 0.01171875 0.03359375
1 0.303125 0.5828125 0.01328125 0.0265625
1 0.40703125 0.58828125 0.0171875 0.04296875
1 0.31875 0.57890625 0.01796875 0.02890625
1 0.28203125 0.575 0.021875 0.05
1 0.43046875 0.5859375 0.0359375 0.065625
0 0.453125 0.6046875 0.03984375 0.0640625
0 0.7828125 0.7609375 0.1703125 0.453125
1 0.2234375 0.5859375 0.03359375 0.05859375
1 0.2609375 0.58125 0.034375 0.05390625
0 0.846875 0.7546875 0.303125 0.440625
1 0.11015625 0.6109375 0.059375 0.125
1 0.04921875 0.62109375 0.09765625 0.19296875
0 0.171875 0.60703125 0.0484375 0.05859375
1 0.3484375 0.5796875 0.0125 0.02265625
