1 0.559375 0.65703125 0.025 0.03359375
1 0.63671875 0.66953125 0.046875 0.06015625
1 0.50859375 0.653125 0.0109375 0.01484375
1 0.54375 0.65546875 0.02265625 0.03203125
1 0.52109375 0.6546875 0.0125 0.0171875
1 0.40625 0.6609375 0.0171875 0.0609375
1 0.4265625 0.6546875 0.01484375 0.04296875
1 0.6140625 0.665625 0.04296875 0.0484375
1 0.5890625 0.66171875 0.04609375 0.04609375
1 0.41328125 0.65625 0.0234375 0.06015625
1 0.6703125 0.675 0.059375 0.07109375
0 0.25234375 0.71875 0.08671875 0.17734375
1 0.28984375 0.7046875 0.1359375 0.15
1 0.3578125 0.68203125 0.06640625 0.09765625
1 0.45546875 0.66015625 0.0453125 0.05703125
1 0.7546875 0.68828125 0.1625 0.1109375
1 0.9 0.71953125 0.19921875 0.15
1 0.12421875 0.74140625 0.2484375 0.44609375
