1 0.13515625 0.640625 0.08828125 0.090625
1 0.01328125 0.66640625 0.02578125 0.1328125
1 0.32890625 0.6375 0.04296875 0.0328125
1 0.4546875 0.64765625 0.02109375 0.06875
1 0.184375 0.64296875 0.0796875 0.0765625
1 0.4703125 0.653125 0.034375 0.08671875
1 0.1015625 0.65 0.08671875 0.096875
1 0.04921875 0.64765625 0.0984375 0.1203125
1 0.50859375 0.6578125 0.0703125 0.11640625
1 0.5453125 0.67890625 0.08203125 0.13828125
1 0.38203125 0.6734375 0.09296875 0.1328125
1 0.65 0.70234375 0.2015625 0.25078125
1 0.83828125 0.78046875 0.3234375 0.434375
