1 0.34453125 0.440625 0.07734375 0.06328125
1 0.1984375 0.4109375 0.05390625 0.04140625
1 0.8984375 0.41328125 0.0296875 0.03671875
1 0.31328125 0.4296875 0.06875 0.0640625
1 0.98125 0.4171875 0.0375 0.03671875
1 0.27890625 0.43125 0.0515625 0.05546875
1 0.2328125 0.4265625 0.05625 0.053125
1 0.5203125 0.45703125 0.0515625 0.07890625
1 0.14296875 0.446875 0.13203125 0.0859375
1 0.92578125 0.41640625 0.05 0.04453125
1 0.40234375 0.44375 0.084375 0.08359375
1 0.5921875 0.45078125 0.09375 0.07578125
1 0.42578125 0.45234375 0.0640625 0.07734375
1 0.9078125 0.7765625 0.1828125 0.446875
