1 0.25546875 0.6796875 0.02734375 0.02734375
1 0.90390625 0.671875 0.05546875 0.034375
1 0.8265625 0.6671875 0.0484375 0.03515625
1 0.0109375 0.71953125 0.021875 0.08046875
1 0.0578125 0.6875 0.04609375 0.04453125
1 0.29296875 0.6890625 0.0484375 0.04375
1 0.17109375 0.7 0.103125 0.06484375
1 0.1015625 0.6984375 0.090625 0.0734375
1 0.93359375 0.715625 0.1328125 0.090625
1 0.47578125 0.70234375 0.07734375 0.0828125
1 0.590625 0.68828125 0.078125 0.10078125
1 0.72734375 0.71484375 0.19296875 0.16328125
