1 0.33046875 0.71328125 0.01171875 0.03046875
1 0.56484375 0.71953125 0.0265625 0.05703125
1 0.31640625 0.71328125 0.01484375 0.0375
1 0.340625 0.71328125 0.01328125 0.0296875
1 0.43515625 0.6984375 0.0140625 0.02578125
1 0.54765625 0.71796875 0.0171875 0.034375
1 0.35390625 0.7125 0.0140625 0.028125
1 0.30546875 0.7140625 0.0203125 0.03984375
1 0.584375 0.73125 0.0359375 0.071875
1 0.2890625 0.7171875 0.02265625 0.04140625
1 0.60390625 0.73984375 0.0359375 0.0875
1 0.265625 0.71875 0.03125 0.0453125
0 0.3859375 0.7453125 0.0296875 0.07890625
1 0.1921875 0.72578125 0.04375 0.05625
1 0.23359375 0.72109375 0.0421875 0.0515625
1 0.6328125 0.75078125 0.06171875 0.11953125
1 0.146875 0.72890625 0.0609375 0.0640625
1 0.06953125 0.73515625 0.1015625 0.078125
1 0.50234375 0.7265625 0.05 0.084375
1 0.6890625 0.76875 0.0984375 0.184375
1 0.8359375 0.8125 0.28984375 0.334375
