1 0.50625 0.60859375 0.01484375 0.01796875
1 0.89375 0.590625 0.20703125 0.13671875
0 0.55390625 0.709375 0.0953125 0.178125
1 0.31171875 0.596875 0.0390625 0.02734375
1 0.26796875 0.5984375 0.0921875 0.05078125
0 0.30390625 0.6453125 0.05546875 0.06484375
1 0.4875 0.6078125 0.02421875 0.02890625
0 0.11328125 0.65546875 0.2265625 0.32265625
1 0.65 0.6109375 0.05546875 0.0390625
0 0.88203125 0.72109375 0.23515625 0.3046875
1 0.77734375 0.6109375 0.03984375 0.0484375
1 0.7078125 0.615625 0.0640625 0.03515625
1 0.3921875 0.60703125 0.0625 0.0328125
