1 0.5453125 0.6640625 0.021875 0.04375
1 0.4234375 0.66796875 0.0125 0.0375
1 0.55390625 0.671875 0.02578125 0.053125
1 0.98203125 0.68671875 0.0359375 0.0453125
0 0.02734375 0.6859375 0.02890625 0.04921875
1 0.521875 0.6421875 0.01640625 0.02265625
1 0.38203125 0.6484375 0.0265625 0.025
1 0.4984375 0.6515625 0.0203125 0.03125
1 0.33671875 0.653125 0.028125 0.0296875
1 0.40703125 0.64609375 0.01640625 0.01640625
1 0.2390625 0.66953125 0.05 0.0484375
1 0.58125 0.678125 0.0625 0.0671875
1 0.1625 0.66796875 0.06640625 0.04609375
1 0.45703125 0.65390625 0.06875 0.11171875
1 0.2859375 0.6953125 0.0953125 0.09375
