1 0.78671875 0.640625 0.01484375 0.02578125
1 0.784375 0.640625 0.0125 0.0234375
1 0.809375 0.64765625 0.01796875 0.04609375
1 0.73046875 0.634375 0.01640625 0.021875
1 0.6734375 0.640625 0.028125 0.04140625
1 0.821875 0.6515625 0.02265625 0.0609375
1 0.64296875 0.6390625 0.04609375 0.053125
1 0.74921875 0.640625 0.0265625 0.0296875
1 0.840625 0.65625 0.0328125 0.07265625
1 0.97578125 0.73046875 0.0484375 0.3109375
1 0.871875 0.66328125 0.0609375 0.1078125
1 0.9328125 0.68203125 0.1203125 0.13671875
