1 0.0671875 0.5125 0.06953125 0.0296875
1 0.35546875 0.52421875 0.0171875 0.01796875
1 0.53984375 0.5296875 0.03203125 0.02734375
1 0.5125 0.53125 0.0296875 0.021875
1 0.57265625 0.5328125 0.03046875 0.028125
1 0.4078125 0.5328125 0.0265625 0.025
1 0.38203125 0.52734375 0.02265625 0.02421875
1 0.6015625 0.53828125 0.0421875 0.0375
1 0.6484375 0.53984375 0.05625 0.05078125
1 0.7421875 0.53828125 0.06328125 0.053125
1 0.71171875 0.546875 0.08515625 0.0640625
1 0.94765625 0.54140625 0.1046875 0.07734375
1 0.878125 0.54453125 0.1421875 0.08828125
