1 0.24609375 0.640625 0.0125 0.0171875
0 0.55078125 0.6515625 0.02265625 0.0375
1 0.23515625 0.64140625 0.0203125 0.0234375
1 0.296875 0.6359375 0.0234375 0.028125
1 0.21796875 0.64296875 0.02578125 0.02578125
1 0.01484375 0.653125 0.0296875 0.034375
1 0.684375 0.6484375 0.0796875 0.08515625
1 0.6359375 0.63203125 0.09296875 0.0921875
1 0.3296875 0.6390625 0.0421875 0.05546875
1 0.49609375 0.62890625 0.053125 0.065625
1 0.76640625 0.65390625 0.14375 0.1125
1 0.8984375 0.67265625 0.20234375 0.15
