1 0.04375 0.5921875 0.03984375 0.02578125
1 0.1296875 0.59296875 0.0421875 0.0296875
1 0.8 0.5609375 0.0375 0.02734375
1 0.43359375 0.58125 0.0484375 0.03359375
1 0.9375 0.54921875 0.0328125 0.0359375
1 0.7 0.56875 0.05078125 0.03359375
1 0.75625 0.56328125 0.05625 0.03125
1 0.18203125 0.59296875 0.10078125 0.03125
1 0.56875 0.5796875 0.0578125 0.04765625
1 0.26328125 0.5859375 0.06328125 0.03203125
1 0.653125 0.5765625 0.0859375 0.0546875
1 0.98671875 0.54765625 0.025 0.028125
1 0.51171875 0.5859375 0.0875 0.053125
