1 0.365625 0.6578125 0.01171875 0.02109375
1 0.271875 0.675 0.028125 0.04609375
1 0.38828125 0.6609375 0.01640625 0.02265625
1 0.340625 0.6484375 0.01484375 0.01875
1 0.4796875 0.70234375 0.0359375 0.0390625
1 0.45859375 0.68515625 0.03359375 0.03984375
1 0.50234375 0.7171875 0.04375 0.0484375
1 0.43828125 0.66796875 0.03984375 0.05703125
1 0.26171875 0.6890625 0.03515625 0.03984375
1 0.52421875 0.73203125 0.05078125 0.05703125
1 0.81875 0.9515625 0.303125 0.0953125
1 0.55703125 0.75703125 0.06796875 0.071875
1 0.60703125 0.79609375 0.09609375 0.1125
1 0.1484375 0.7515625 0.09140625 0.0890625
1 0.67890625 0.8796875 0.1640625 0.1671875
1 0.0578125 0.803125 0.115625 0.11875
