1 0.55703125 0.78671875 0.0140625 0.028125
1 0.565625 0.78671875 0.01875 0.03203125
1 0.553125 0.78359375 0.01640625 0.02421875
1 0.56953125 0.7859375 0.0203125 0.03359375
1 0.27109375 0.78984375 0.0328125 0.03828125
1 0.5828125 0.7890625 0.0265625 0.03515625
1 0.2109375 0.78515625 0.03046875 0.0375
1 0.59921875 0.790625 0.03203125 0.03984375
0 0.27890625 0.80546875 0.0203125 0.05703125
1 0.62578125 0.79453125 0.04609375 0.04296875
1 0.52578125 0.79375 0.05234375 0.05859375
1 0.1796875 0.8015625 0.078125 0.0609375
1 0.46171875 0.79921875 0.06484375 0.0734375
1 0.08125 0.80078125 0.08046875 0.05546875
1 0.80859375 0.87109375 0.3734375 0.2578125
