1 0.95234375 0.47734375 0.01875 0.021875
1 0.965625 0.4765625 0.01484375 0.0171875
1 0.921875 0.490625 0.021875 0.03359375
1 0.88203125 0.80625 0.23515625 0.38671875
1 0.9015625 0.50234375 0.03046875 0.0328125
0 0.196875 0.55625 0.03515625 0.04453125
1 0.3578125 0.478125 0.01640625 0.01953125
1 0.45234375 0.478125 0.015625 0.0203125
1 0.4140625 0.49296875 0.025 0.0265625
1 0.94375 0.50625 0.03828125 0.0375
1 0.8609375 0.5 0.03828125 0.03671875
1 0.98125 0.55859375 0.0375 0.0734375
1 0.32578125 0.56171875 0.08515625 0.0765625
1 0.81875 0.5828125 0.10078125 0.1
0 0.73046875 0.5359375 0.01796875 0.040625
0 0.6546875 0.51171875 0.01484375 0.034375
0 0.63984375 0.5125 0.0109375 0.03203125
0 0.628125 0.5125 0.01328125 0.034375
0 0.6109375 0.51015625 0.0171875 0.03359375
0 0.59609375 0.509375 0.01796875 0.03671875
0 0.57109375 0.5078125 0.01640625 0.0328125
0 0.5515625 0.5046875 0.01640625 0.03671875
