1 0.39453125 0.50859375 0.0140625 0.02890625
1 0.23046875 0.5234375 0.05390625 0.059375
0 0.1984375 0.5375 0.034375 0.06953125
1 0.27890625 0.521875 0.021875 0.028125
1 0.96015625 0.4921875 0.0796875 0.053125
1 0.97265625 0.525 0.05390625 0.11640625
1 0.4125 0.5125 0.0375 0.04296875
1 0.51484375 0.5140625 0.04765625 0.05625
1 0.0953125 0.55 0.190625 0.275
1 0.459375 0.5234375 0.071875 0.07578125
1 0.7953125 0.5140625 0.08515625 0.0640625
1 0.88984375 0.5234375 0.11875 0.07421875
1 0.3359375 0.5171875 0.10234375 0.115625
1 0.58359375 0.52734375 0.11015625 0.103125
