1 0.35 0.76953125 0.01640625 0.028125
1 0.5515625 0.76171875 0.01875 0.01953125
1 0.3265625 0.77265625 0.03046875 0.03203125
1 0.0953125 0.78359375 0.025 0.04375
1 0.4109375 0.7671875 0.01875 0.02578125
1 0.3984375 0.771875 0.021875 0.04375
1 0.33203125 0.77109375 0.0296875 0.03359375
1 0.303125 0.775 0.02421875 0.0375
1 0.321875 0.77578125 0.02265625 0.03046875
1 0.23515625 0.784375 0.040625 0.04921875
1 0.1984375 0.7890625 0.05625 0.05625
1 0.140625 0.79453125 0.08203125 0.0671875
1 0.05234375 0.828125 0.10390625 0.2171875
1 0.49375 0.78828125 0.096875 0.10234375
