1 0.3578125 0.51875 0.02109375 0.01328125
1 0.95859375 0.58203125 0.040625 0.0609375
1 0.96640625 0.58359375 0.053125 0.06328125
1 0.00703125 0.64453125 0.0140625 0.14921875
1 0.3921875 0.515625 0.01796875 0.0140625
1 0.18125 0.5265625 0.034375 0.01640625
1 0.7734375 0.5375 0.04375 0.0453125
1 0.51171875 0.521875 0.01953125 0.0234375
1 0.1421875 0.5296875 0.0421875 0.02109375
1 0.92890625 0.56640625 0.096875 0.07109375
1 0.90859375 0.55546875 0.0921875 0.0625
1 0.82578125 0.53203125 0.075 0.06171875
1 0.87265625 0.54921875 0.071875 0.06015625
1 0.04765625 0.58359375 0.0953125 0.1125
