1 0.44375 0.525 0.0203125 0.0296875
1 0.6015625 0.525 0.0234375 0.021875
1 0.61953125 0.52421875 0.021875 0.02109375
1 0.04453125 0.603125 0.08828125 0.1421875
1 0.975 0.51484375 0.05 0.021875
1 0.428125 0.52734375 0.03046875 0.03359375
1 0.65078125 0.53359375 0.053125 0.05
1 0.403125 0.52734375 0.0359375 0.046875
1 0.475 0.521875 0.025 0.0296875
1 0.56640625 0.5296875 0.0328125 0.0359375
1 0.375 0.53359375 0.0484375 0.05234375
1 0.32734375 0.53984375 0.071875 0.06796875
1 0.13828125 0.55859375 0.21015625 0.11640625
1 0.2265625 0.5453125 0.1515625 0.0875
1 0.7109375 0.54375 0.10703125 0.06015625
1 0.09140625 0.57265625 0.18125 0.1421875
