1 0.65625 0.7359375 0.01484375 0.03359375
1 0.63046875 0.734375 0.0140625 0.021875
1 0.64765625 0.734375 0.0171875 0.0328125
1 0.6734375 0.7375 0.028125 0.0421875
1 0.68515625 0.74140625 0.0328125 0.0453125
1 0.3671875 0.73125 0.0453125 0.0453125
1 0.32421875 0.7265625 0.0484375 0.03671875
1 0.23203125 0.73203125 0.071875 0.05
1 0.28515625 0.7296875 0.04296875 0.03828125
1 0.60078125 0.73828125 0.03828125 0.040625
1 0.7078125 0.74765625 0.0484375 0.05390625
1 0.753125 0.75546875 0.0734375 0.06953125
