1 0.73984375 0.703125 0.0375 0.03671875
1 0.7609375 0.70546875 0.0484375 0.03984375
1 0.69140625 0.70078125 0.0375 0.03359375
1 0.309375 0.6734375 0.0140625 0.0203125
1 0.78515625 0.70625 0.04921875 0.040625
1 0.08359375 0.64921875 0.03203125 0.0203125
1 0.3234375 0.675 0.01875 0.02578125
1 0.1171875 0.653125 0.03203125 0.02421875
1 0.53359375 0.7125 0.0859375 0.065625
1 0.815625 0.709375 0.0625 0.04453125
1 0.8515625 0.71328125 0.059375 0.046875
1 0.28515625 0.66953125 0.0234375 0.03046875
1 0.88125 0.715625 0.0609375 0.0515625
1 0.43203125 0.68671875 0.04609375 0.0328125
1 0.93046875 0.71953125 0.09609375 0.0578125
1 0.61484375 0.73671875 0.16328125 0.103125
