1 0.4359375 0.45078125 0.01328125 0.0140625
1 0.5203125 0.459375 0.0171875 0.03125
1 0.87734375 0.47265625 0.0875 0.03359375
1 0.38359375 0.45 0.0171875 0.0140625
1 0.00859375 0.48203125 0.01640625 0.0765625
1 0.50703125 0.45546875 0.0125 0.021875
1 0.45625 0.4515625 0.01640625 0.01875
1 0.54375 0.4609375 0.034375 0.053125
1 0.15234375 0.46953125 0.0765625 0.04765625
1 0.2359375 0.4609375 0.05234375 0.03359375
1 0.06640625 0.47734375 0.103125 0.0625
1 0.56953125 0.46953125 0.05234375 0.065625
1 0.6328125 0.4890625 0.13046875 0.10546875
