1 0.43125 0.715625 0.01484375 0.03203125
1 0.3421875 0.709375 0.01875 0.03984375
1 0.58671875 0.7453125 0.05546875 0.084375
1 0.296875 0.7171875 0.0421875 0.071875
1 0.35703125 0.71640625 0.0203125 0.04453125
1 0.44921875 0.7234375 0.0296875 0.04375
1 0.41484375 0.721875 0.0296875 0.0515625
1 0.5234375 0.7296875 0.05390625 0.0734375
1 0.48203125 0.72109375 0.040625 0.0609375
1 0.2859375 0.73125 0.03359375 0.0921875
1 0.38203125 0.7171875 0.04453125 0.06953125
1 0.65 0.746875 0.1046875 0.1359375
1 0.2390625 0.72578125 0.084375 0.1484375
1 0.05546875 0.80546875 0.1109375 0.3765625
1 0.7453125 0.76640625 0.15703125 0.18515625
1 0.16015625 0.7734375 0.17890625 0.209375
1 0.89453125 0.80234375 0.21015625 0.2875
