1 0.546875 0.4453125 0.04375 0.0375
1 0.32578125 0.44296875 0.06953125 0.06953125
1 0.0515625 0.46171875 0.103125 0.1703125
1 0.2328125 0.43203125 0.06171875 0.0515625
1 0.4015625 0.45546875 0.07890625 0.07578125
1 0.8984375 0.42890625 0.02890625 0.0390625
1 0.92578125 0.43046875 0.0453125 0.03828125
1 0.28203125 0.43828125 0.05625 0.0546875
1 0.428125 0.4640625 0.06171875 0.07578125
1 0.14609375 0.45 0.128125 0.09375
1 0.52109375 0.46796875 0.05 0.07890625
1 0.5921875 0.4640625 0.0953125 0.0734375
