1 0.30546875 0.6265625 0.01328125 0.0171875
1 0.49453125 0.63125 0.02109375 0.0328125
1 0.434375 0.62421875 0.0171875 0.0171875
1 0.3796875 0.6234375 0.0125 0.01484375
1 0.4796875 0.63046875 0.01875 0.0296875
1 0.50625 0.63203125 0.0265625 0.0375
1 0.18828125 0.63984375 0.03046875 0.02890625
1 0.16015625 0.64296875 0.02890625 0.03203125
1 0.4109375 0.62578125 0.0203125 0.021875
1 0.521875 0.6328125 0.025 0.040625
0 0.81796875 0.6828125 0.0765625 0.08984375
1 0.1328125 0.64375 0.03828125 0.040625
1 0.1046875 0.6484375 0.04609375 0.040625
1 0.5765625 0.63671875 0.05 0.05703125
1 0.6078125 0.640625 0.053125 0.06484375
1 0.546875 0.63203125 0.040625 0.05234375
1 0.0171875 0.6578125 0.034375 0.06171875
1 0.05625 0.65 0.0609375 0.05390625
1 0.6578125 0.646875 0.08828125 0.084375
1 0.7453125 0.66015625 0.153125 0.109375
