1 0.4421875 0.60703125 0.0203125 0.03125
1 0.2875 0.60078125 0.021875 0.025
1 0.46328125 0.6078125 0.02578125 0.03828125
1 0.23984375 0.5875 0.01640625 0.021875
1 0.4796875 0.60859375 0.028125 0.040625
1 0.1 0.609375 0.0265625 0.02578125
1 0.4984375 0.6109375 0.03125 0.0453125
1 0.078125 0.6140625 0.040625 0.03125
1 0.3515625 0.6015625 0.034375 0.040625
1 0.30703125 0.60546875 0.0296875 0.03046875
1 0.52421875 0.6109375 0.04453125 0.05546875
1 0.36953125 0.60859375 0.03828125 0.040625
1 0.5640625 0.61640625 0.06953125 0.06875
1 0.64140625 0.634375 0.103125 0.096875
1 0.74453125 0.65859375 0.17265625 0.1484375
1 0.88515625 0.72109375 0.2296875 0.26484375
