1 0.48046875 0.5453125 0.03984375 0.03671875
1 0.459375 0.54296875 0.03046875 0.03046875
1 0.44453125 0.540625 0.025 0.028125
1 0.43046875 0.5390625 0.0203125 0.025
1 0.5265625 0.553125 0.0796875 0.05
1 0.99140625 0.584375 0.01640625 0.11875
1 0.56953125 0.55703125 0.09296875 0.0578125
1 0.79296875 0.56171875 0.04765625 0.046875
1 0.97578125 0.5640625 0.04765625 0.059375
1 0.84453125 0.5609375 0.03828125 0.0515625
1 0.646875 0.55859375 0.159375 0.084375
1 0.90859375 0.5765625 0.115625 0.10859375
