1 0.60390625 0.70625 0.01953125 0.02734375
1 0.57109375 0.7046875 0.01484375 0.021875
1 0.29375 0.6890625 0.025 0.021875
1 0.62734375 0.7078125 0.02109375 0.0296875
1 0.52734375 0.69921875 0.0328125 0.0171875
1 0.66640625 0.7109375 0.03046875 0.0421875
1 0.68203125 0.71484375 0.028125 0.04453125
1 0.37890625 0.6875 0.02109375 0.02734375
1 0.64609375 0.70859375 0.03359375 0.03671875
1 0.703125 0.71796875 0.03359375 0.0515625
1 0.7375 0.721875 0.0625 0.06640625
1 0.7921875 0.73828125 0.07734375 0.08515625
1 0.85078125 0.75625 0.11015625 0.1234375
1 0.1515625 0.6890625 0.13203125 0.0953125
1 0.93203125 0.77109375 0.1359375 0.2421875
