1 0.928125 0.628125 0.04296875 0.0375
1 0.17109375 0.54140625 0.0234375 0.0203125
1 0.02890625 0.5484375 0.03359375 0.03203125
1 0.20234375 0.54296875 0.02421875 0.01875
1 0.14453125 0.55703125 0.034375 0.03125
1 0.803125 0.6140625 0.034375 0.0359375
1 0.00859375 0.5484375 0.01640625 0.04296875
1 0.87578125 0.62578125 0.07890625 0.04296875
1 0.03359375 0.690625 0.0671875 0.26328125
1 0.24375 0.56171875 0.0375 0.034375
1 0.56875 0.59609375 0.09140625 0.0484375
1 0.07734375 0.5796875 0.12578125 0.07109375
1 0.30859375 0.5765625 0.1 0.12890625
