1 0.93203125 0.4171875 0.01328125 0.025
1 0.42890625 0.6125 0.0125 0.02734375
1 0.4390625 0.61796875 0.01484375 0.02734375
1 0.96875 0.41015625 0.01328125 0.0265625
1 0.94453125 0.4109375 0.0109375 0.01953125
1 0.98203125 0.41171875 0.01640625 0.03203125
1 0.00703125 0.4203125 0.0140625 0.03984375
1 0.9921875 0.41640625 0.015625 0.0390625
1 0.8703125 0.50234375 0.0828125 0.1046875
1 0.03203125 0.42734375 0.0453125 0.0546875
1 0.503125 0.6859375 0.1046875 0.10078125
1 0.79609375 0.5984375 0.15078125 0.203125
