1 0.93671875 0.55625 0.075 0.0765625
1 0.55859375 0.534375 0.034375 0.03828125
1 0.58671875 0.540625 0.0578125 0.05390625
1 0.975 0.52734375 0.02578125 0.05625
1 0.640625 0.5765625 0.0796875 0.09296875
1 0.6109375 0.5609375 0.075 0.078125
1 0.8359375 0.51875 0.03203125 0.0390625
1 0.9 0.57265625 0.075 0.078125
1 0.85546875 0.60625 0.1125 0.121875
1 0.80625 0.5203125 0.02890625 0.03984375
1 0.68984375 0.61015625 0.0984375 0.13203125
1 0.76796875 0.61015625 0.0671875 0.1265625
1 0.25234375 0.6375 0.13828125 0.1140625
