0 0.44921875 0.72109375 0.01640625 0.04765625
1 0.46796875 0.71328125 0.01796875 0.03203125
1 0.528125 0.72578125 0.025 0.053125
1 0.36171875 0.71328125 0.02265625 0.0375
1 0.4890625 0.72265625 0.040625 0.05390625
1 0.33828125 0.71015625 0.02890625 0.0734375
1 0.309375 0.71953125 0.053125 0.11171875
1 0.5578125 0.725 0.053125 0.07265625
1 0.40234375 0.72421875 0.06328125 0.1
1 0.26484375 0.7328125 0.08671875 0.1390625
1 0.6125 0.73984375 0.0765625 0.08359375
1 0.18515625 0.765625 0.17265625 0.17109375
1 0.728125 0.753125 0.15390625 0.16171875
1 0.89140625 0.775 0.2171875 0.2875
