0 0.4125 0.7140625 0.08671875 0.1671875
0 0.96953125 0.6703125 0.0609375 0.29609375
0 0.50390625 0.6625 0.0921875 0.12265625
0 0.634375 0.621875 0.0265625 0.05859375
0 0.56171875 0.6453125 0.0625 0.090625
0 0.35859375 0.70078125 0.19140625 0.190625
0 0.4828125 0.6734375 0.1171875 0.12890625
0 0.3921875 0.7015625 0.1234375 0.19296875
1 0.5875 0.625 0.084375 0.090625
0 0.5171875 0.65703125 0.1015625 0.10390625
0 0.1609375 0.76328125 0.1703125 0.446875
1 0.67734375 0.590625 0.10625 0.05859375
1 0.85078125 0.61875 0.1375 0.15625
0 0.42421875 0.69140625 0.13125 0.17265625
0 0.30078125 0.7125 0.228125 0.29921875
