1 0.78125 0.50703125 0.0140625 0.021875
1 0.08125 0.5234375 0.03515625 0.04375
1 0.2203125 0.51015625 0.0125 0.01953125
1 0.9890625 0.54296875 0.021875 0.0578125
1 0.12890625 0.50859375 0.0625 0.07421875
1 0.14140625 0.5265625 0.059375 0.0609375
1 0.94921875 0.51953125 0.03515625 0.05390625
1 0.2546875 0.5125 0.0140625 0.0296875
1 0.85 0.5171875 0.0671875 0.05546875
1 0.7578125 0.51328125 0.0203125 0.034375
1 0.91171875 0.52421875 0.07578125 0.0625
1 0.19375 0.53125 0.04609375 0.0640625
1 0.04140625 0.5359375 0.0828125 0.075
