1 0.58515625 0.60703125 0.01953125 0.02421875
1 0.5640625 0.60546875 0.0234375 0.01796875
1 0.96875 0.6265625 0.0625 0.05703125
1 0.4859375 0.63046875 0.103125 0.09375
1 0.61796875 0.6078125 0.021875 0.03046875
0 0.540625 0.653125 0.046875 0.084375
1 0.63671875 0.61015625 0.034375 0.0328125
1 0.40390625 0.6265625 0.09375 0.08359375
1 0.9359375 0.62734375 0.05 0.0375
1 0.66640625 0.61328125 0.04375 0.0375
1 0.86328125 0.6234375 0.08203125 0.0421875
1 0.76875 0.64765625 0.11640625 0.09296875
1 0.86796875 0.76171875 0.2640625 0.23828125
