1 0.40390625 0.67734375 0.01640625 0.02890625
1 0.50703125 0.6796875 0.0140625 0.02578125
1 0.45703125 0.6734375 0.0109375 0.01484375
1 0.43125 0.6734375 0.0109375 0.01640625
1 0.49609375 0.67890625 0.01015625 0.01875
1 0.51875 0.6859375 0.01875 0.0328125
1 0.44609375 0.67421875 0.015625 0.0171875
1 0.4171875 0.67578125 0.0171875 0.0234375
1 0.4765625 0.6765625 0.01640625 0.01953125
1 0.01484375 0.70546875 0.0296875 0.17890625
1 0.53671875 0.69140625 0.03984375 0.040625
1 0.85703125 0.71640625 0.090625 0.109375
1 0.796875 0.6796875 0.11796875 0.078125
1 0.259375 0.6875 0.10546875 0.0796875
1 0.3421875 0.69765625 0.10390625 0.084375
