1 0.696875 0.59453125 0.06484375 0.0671875
1 0.6671875 0.59765625 0.03984375 0.0515625
1 0.85546875 0.575 0.05 0.0328125
1 0.65234375 0.59375 0.0484375 0.05234375
1 0.93515625 0.57578125 0.0796875 0.0484375
1 0.96015625 0.60625 0.0796875 0.09375
1 0.709375 0.59453125 0.0859375 0.0734375
1 0.5984375 0.590625 0.04609375 0.05234375
1 0.71953125 0.60390625 0.065625 0.07265625
1 0.5203125 0.59609375 0.015625 0.028125
1 0.7640625 0.603125 0.10625 0.0875
1 0.35546875 0.61640625 0.0484375 0.0546875
1 0.8015625 0.61484375 0.13125 0.0796875
1 0.1578125 0.62890625 0.12109375 0.06796875
0 0.884375 0.64765625 0.0796875 0.1125
