1 0.35703125 0.46953125 0.01328125 0.02578125
1 0.0234375 0.47265625 0.046875 0.05234375
1 0.0109375 0.54453125 0.021875 0.14765625
1 0.66015625 0.4796875 0.0171875 0.03359375
1 0.42890625 0.4671875 0.01171875 0.02109375
1 0.91328125 0.496875 0.04765625 0.05234375
1 0.68203125 0.48359375 0.02421875 0.03828125
1 0.64140625 0.47734375 0.02421875 0.040625
1 0.88984375 0.49453125 0.0609375 0.0546875
1 0.41640625 0.4703125 0.0171875 0.02890625
1 0.70234375 0.48515625 0.03046875 0.0421875
0 0.1515625 0.51875 0.08515625 0.09140625
1 0.44375 0.471875 0.02109375 0.034375
1 0.728125 0.4875 0.0421875 0.0484375
1 0.953125 0.5140625 0.09296875 0.08125
