1 0.9921875 0.49609375 0.01484375 0.03359375
0 0.5625 0.5515625 0.06640625 0.1640625
1 0.125 0.46953125 0.03359375 0.025
1 0.3359375 0.46640625 0.01875 0.025
1 0.9671875 0.49921875 0.059375 0.046875
1 0.19296875 0.4671875 0.03203125 0.02578125
1 0.009375 0.4828125 0.01796875 0.03125
1 0.81953125 0.48046875 0.11640625 0.084375
1 0.2828125 0.4671875 0.03359375 0.0359375
0 0.56015625 0.5515625 0.071875 0.1640625
1 0.315625 0.47421875 0.0421875 0.03515625
1 0.6171875 0.4765625 0.07890625 0.05546875
1 0.47421875 0.46953125 0.0984375 0.04375
1 0.0765625 0.47421875 0.0703125 0.0453125
