1 0.6421875 0.43125 0.021875 0.0296875
0 0.1625 0.48203125 0.1140625 0.0625
1 0.65703125 0.43046875 0.02265625 0.02890625
1 0.67578125 0.4296875 0.0265625 0.02578125
1 0.615625 0.4296875 0.046875 0.03828125
1 0.53828125 0.43984375 0.05390625 0.03671875
1 0.29375 0.453125 0.07734375 0.04375
1 0.8109375 0.440625 0.128125 0.12890625
1 0.5828125 0.43671875 0.04453125 0.03359375
1 0.7328125 0.4296875 0.03203125 0.03515625
1 0.37578125 0.4453125 0.090625 0.04921875
1 0.465625 0.44375 0.0890625 0.03828125
1 0.85703125 0.50546875 0.21015625 0.1859375
