1 0.73046875 0.75625 0.0140625 0.01640625
1 0.715625 0.75703125 0.01484375 0.01796875
1 0.68203125 0.75546875 0.02578125 0.02890625
1 0.571875 0.7515625 0.0375 0.04140625
1 0.63359375 0.75390625 0.034375 0.0390625
1 0.659375 0.753125 0.0234375 0.03046875
1 0.384375 0.74921875 0.06015625 0.06484375
1 0.52578125 0.75390625 0.03984375 0.046875
1 0.4875 0.7484375 0.03671875 0.053125
1 0.84140625 0.77265625 0.01875 0.02265625
1 0.44921875 0.75078125 0.04609375 0.0546875
1 0.1484375 0.74296875 0.15703125 0.1125
