1 0.99375 0.68359375 0.01171875 0.09140625
1 0.25703125 0.590625 0.0203125 0.02890625
1 0.4203125 0.6140625 0.04375 0.06796875
1 0.1609375 0.57890625 0.015625 0.01953125
1 0.21875 0.584375 0.0109375 0.021875
1 0.315625 0.6 0.03515625 0.04296875
1 0.27890625 0.5953125 0.02421875 0.03515625
1 0.23046875 0.5875 0.015625 0.025
1 0.2421875 0.58984375 0.015625 0.028125
1 0.35703125 0.6046875 0.0390625 0.05
1 0.2953125 0.596875 0.02109375 0.03203125
1 0.1890625 0.58125 0.01328125 0.02109375
1 0.39296875 0.609375 0.053125 0.065625
1 0.48984375 0.6125 0.12265625 0.09453125
1 0.95625 0.68046875 0.0859375 0.1296875
