1 0.7390625 0.61953125 0.0296875 0.04765625
1 0.9359375 0.60546875 0.10078125 0.05625
1 0.81875 0.60546875 0.0296875 0.0328125
1 0.22109375 0.61796875 0.021875 0.02265625
1 0.9078125 0.609375 0.0484375 0.0515625
1 0.2640625 0.6296875 0.02421875 0.03125
1 0.28359375 0.628125 0.0234375 0.02734375
0 0.2515625 0.71484375 0.17890625 0.140625
1 0.96640625 0.60546875 0.040625 0.04453125
1 0.771875 0.625 0.05625 0.04921875
1 0.2453125 0.6421875 0.04765625 0.04453125
1 0.6734375 0.6171875 0.04453125 0.040625
1 0.04453125 0.75 0.0890625 0.2265625
0 0.88828125 0.76484375 0.215625 0.20390625
0 0.234375 0.73046875 0.146875 0.121875
1 0.840625 0.61796875 0.0484375 0.04765625
