1 0.48203125 0.503125 0.01484375 0.0328125
1 0.50546875 0.50234375 0.028125 0.0453125
1 0.478125 0.50234375 0.01484375 0.03125
1 0.45390625 0.5 0.0140625 0.02109375
1 0.44140625 0.49765625 0.01328125 0.01875
1 0.47109375 0.50078125 0.01484375 0.02734375
1 0.4671875 0.5 0.01484375 0.02421875
1 0.5015625 0.49921875 0.03359375 0.0484375
1 0.5359375 0.50625 0.05 0.04921875
1 0.42265625 0.50390625 0.03203125 0.03671875
1 0.909375 0.5453125 0.18125 0.29375
1 0.66328125 0.51171875 0.1359375 0.13125
1 0.76875 0.5453125 0.225 0.1734375
