1 0.8171875 0.50703125 0.01875 0.0296875
1 0.83359375 0.50546875 0.015625 0.025
1 0.81015625 0.509375 0.0171875 0.0296875
1 0.6265625 0.5296875 0.02421875 0.034375
1 0.775 0.5171875 0.02265625 0.03125
1 0.79140625 0.51328125 0.021875 0.028125
1 0.509375 0.56015625 0.0421875 0.06171875
1 0.53828125 0.5671875 0.0671875 0.06875
1 0.659375 0.53203125 0.0265625 0.0359375
1 0.48203125 0.54375 0.0328125 0.046875
1 0.6984375 0.52734375 0.04765625 0.040625
1 0.7359375 0.52265625 0.03046875 0.03828125
1 0.75625 0.51875 0.02734375 0.0390625
1 0.878125 0.51796875 0.0546875 0.04296875
1 0.5953125 0.6140625 0.1203125 0.128125
