1 0.66015625 0.6109375 0.02578125 0.01796875
1 0.22890625 0.64296875 0.0515625 0.03671875
1 0.56640625 0.61796875 0.0359375 0.0234375
1 0.38984375 0.6328125 0.0328125 0.034375
1 0.05859375 0.6390625 0.11640625 0.31171875
1 0.34375 0.625 0.08125 0.0546875
1 0.14453125 0.6671875 0.071875 0.14765625
1 0.26875 0.6421875 0.05 0.0375
1 0.31484375 0.63671875 0.0546875 0.04140625
1 0.784375 0.65390625 0.0984375 0.103125
1 0.87421875 0.68671875 0.25078125 0.465625
1 0.51171875 0.6796875 0.128125 0.153125
