1 0.45390625 0.703125 0.0203125 0.03203125
1 0.44453125 0.703125 0.0109375 0.021875
1 0.40390625 0.6953125 0.0125 0.015625
1 0.47578125 0.721875 0.02421875 0.06171875
1 0.46484375 0.7078125 0.025 0.03671875
1 0.2890625 0.721875 0.04921875 0.06640625
1 0.49375 0.72734375 0.0390625 0.0734375
1 0.30625 0.71328125 0.05 0.0625
1 0.33671875 0.71171875 0.02578125 0.04453125
1 0.421875 0.703125 0.0203125 0.02421875
1 0.37265625 0.71796875 0.059375 0.06328125
1 0.26796875 0.734375 0.06328125 0.07421875
1 0.55625 0.73671875 0.11953125 0.15546875
1 0.196875 0.7421875 0.115625 0.103125
1 0.64453125 0.7890625 0.215625 0.2125
