1 0.51796875 0.55625 0.01640625 0.03359375
1 0.984375 0.5640625 0.03125 0.02890625
1 0.00703125 0.55625 0.0140625 0.01953125
1 0.07421875 0.55546875 0.01953125 0.02265625
1 0.046875 0.55546875 0.04375 0.025
1 0.0953125 0.56015625 0.02734375 0.0328125
1 0.58359375 0.55859375 0.03046875 0.0328125
1 0.20078125 0.5546875 0.05 0.0453125
1 0.54296875 0.5625 0.05390625 0.0578125
1 0.128125 0.56171875 0.0578125 0.040625
1 0.46171875 0.58203125 0.1140625 0.13515625
1 0.71171875 0.59921875 0.20703125 0.19921875
