1 0.60703125 0.4953125 0.01484375 0.0171875
1 0.9765625 0.83046875 0.04609375 0.3390625
1 0.47109375 0.50234375 0.034375 0.0296875
1 0.58046875 0.5 0.025 0.0265625
1 0.446875 0.50390625 0.0375 0.03515625
1 0.52421875 0.5 0.0265625 0.025
1 0.62578125 0.5 0.0265625 0.028125
1 0.365625 0.50859375 0.05859375 0.0421875
1 0.30078125 0.5125 0.08203125 0.0484375
1 0.4078125 0.50078125 0.05546875 0.04765625
1 0.55390625 0.50625 0.04765625 0.03671875
1 0.1953125 0.5171875 0.134375 0.05625
1 0.06328125 0.515625 0.12578125 0.07734375
1 0.83203125 0.6125 0.3359375 0.409375
