1 0.53515625 0.73046875 0.0375 0.04296875
1 0.6328125 0.7375 0.01953125 0.03359375
1 0.66484375 0.73671875 0.05078125 0.065625
1 0.6703125 0.75 0.034375 0.0640625
1 0.7765625 0.7703125 0.15234375 0.1140625
1 0.86484375 0.79609375 0.240625 0.19296875
1 0.7296875 0.7515625 0.1109375 0.0953125
1 0.92578125 0.8375 0.14765625 0.278125
1 0.49140625 0.75390625 0.08515625 0.09140625
1 0.3859375 0.76015625 0.07734375 0.15
1 0.2640625 0.78359375 0.24296875 0.2359375
1 0.1234375 0.8390625 0.246875 0.321875
