1 0.56328125 0.73359375 0.021875 0.04375
1 0.453125 0.72890625 0.01484375 0.0203125
1 0.53125 0.72578125 0.01484375 0.01875
1 0.54375 0.728125 0.01484375 0.025
1 0.43125 0.73125 0.0203125 0.028125
1 0.5921875 0.73125 0.0484375 0.07265625
1 0.60078125 0.74453125 0.0390625 0.06875
1 0.0140625 0.73359375 0.028125 0.2125
1 0.66640625 0.740625 0.07734375 0.10390625
1 0.46953125 0.73046875 0.0234375 0.0265625
1 0.51171875 0.73125 0.0296875 0.03671875
1 0.34140625 0.74375 0.04140625 0.053125
1 0.3046875 0.7484375 0.05390625 0.06875
1 0.25390625 0.75625 0.08671875 0.07890625
1 0.38984375 0.7484375 0.08046875 0.0796875
1 0.690625 0.76796875 0.08671875 0.12890625
1 0.86171875 0.6828125 0.2765625 0.634375
