1 0.4546875 0.7 0.01640625 0.028125
1 0.409375 0.7046875 0.02109375 0.03359375
1 0.44140625 0.70234375 0.01484375 0.02421875
1 0.396875 0.70625 0.02265625 0.034375
1 0.42890625 0.7046875 0.01640625 0.02578125
1 0.68671875 0.746875 0.0375 0.04765625
1 0.38125 0.70859375 0.02578125 0.0359375
1 0.35546875 0.70625 0.0328125 0.04765625
1 0.33125 0.71015625 0.034375 0.04765625
1 0.29453125 0.71171875 0.0515625 0.0546875
1 0.05546875 0.72578125 0.11015625 0.10078125
1 0.77890625 0.75625 0.1609375 0.10625
1 0.18359375 0.84296875 0.3671875 0.31171875
0 0.55859375 0.71796875 0.0125 0.02578125
1 0.51796875 0.703125 0.00859375 0.01015625
1 0.50703125 0.70234375 0.00703125 0.01171875
