1 0.32734375 0.63515625 0.021875 0.03828125
1 0.3421875 0.62890625 0.01640625 0.02578125
1 0.41484375 0.634375 0.03125 0.04140625
1 0.38828125 0.62109375 0.01875 0.01640625
1 0.30859375 0.640625 0.0265625 0.053125
1 0.29296875 0.6453125 0.03125 0.06484375
0 0.43125 0.6484375 0.03984375 0.04609375
1 0.5015625 0.6671875 0.06484375 0.10390625
1 0.475 0.66015625 0.04609375 0.09296875
1 0.26171875 0.65234375 0.06953125 0.0828125
1 0.21328125 0.67578125 0.08203125 0.13125
1 0.09921875 0.6796875 0.1984375 0.284375
1 0.571875 0.69375 0.16484375 0.15703125
