1 0.0046875 0.5296875 0.009375 0.03046875
1 0.43828125 0.58671875 0.0484375 0.059375
1 0.275 0.575 0.0328125 0.0265625
1 0.16875 0.56328125 0.0328125 0.0171875
1 0.06484375 0.54296875 0.0265625 0.0375
1 0.10703125 0.54453125 0.01171875 0.0171875
1 0.1171875 0.54296875 0.0125 0.01953125
1 0.02734375 0.5125 0.00703125 0.009375
1 0.0078125 0.50859375 0.0078125 0.0125
1 0.01640625 0.50625 0.00625 0.01171875
1 0.48515625 0.51640625 0.00859375 0.0109375
1 0.5 0.5078125 0.00546875 0.01015625
1 0.415625 0.5390625 0.015625 0.0140625
1 0.55 0.4984375 0.0171875 0.01328125
