1 0.5546875 0.4234375 0.01484375 0.03359375
1 0.60234375 0.4359375 0.02109375 0.03359375
1 0.57890625 0.42265625 0.0171875 0.0390625
1 0.14296875 0.390625 0.0203125 0.059375
1 0.00859375 0.40546875 0.01640625 0.09453125
1 0.021875 0.3890625 0.03515625 0.08046875
1 0.36796875 0.41640625 0.03203125 0.09140625
1 0.3234375 0.40625 0.08828125 0.13828125
1 0.08671875 0.38828125 0.034375 0.071875
1 0.209375 0.38515625 0.02421875 0.0765625
1 0.17109375 0.3921875 0.04765625 0.07109375
1 0.115625 0.39375 0.05390625 0.0765625
1 0.05 0.4 0.06015625 0.09140625
1 0.69453125 0.4515625 0.08359375 0.1140625
1 0.78125 0.5109375 0.1453125 0.15390625
