1 0.15859375 0.478125 0.0703125 0.0296875
1 0.8046875 0.46796875 0.0609375 0.021875
1 0.3453125 0.4875 0.059375 0.04765625
1 0.50546875 0.5875 0.21328125 0.20546875
1 0.525 0.4859375 0.0921875 0.059375
1 0.61796875 0.58125 0.12109375 0.18671875
1 0.3 0.4859375 0.0859375 0.0515625
1 0.96171875 0.63046875 0.0765625 0.28984375
1 0.2265625 0.484375 0.08515625 0.04375
1 0.43984375 0.490625 0.084375 0.05625
1 0.696875 0.49765625 0.06640625 0.0671875
1 0.91640625 0.503125 0.09765625 0.08125
1 0.1046875 0.54609375 0.209375 0.109375
1 0.76328125 0.61875 0.25078125 0.28984375
