1 0.46875 0.73046875 0.01484375 0.0171875
1 0.4171875 0.740625 0.03359375 0.0484375
1 0.5296875 0.73046875 0.01484375 0.0234375
1 0.4265625 0.734375 0.04296875 0.04375
1 0.49140625 0.73046875 0.0171875 0.0171875
1 0.38046875 0.740625 0.07734375 0.06484375
1 0.90703125 0.8375 0.184375 0.32265625
1 0.559375 0.734375 0.034375 0.05625
1 0.28515625 0.75625 0.1546875 0.11484375
1 0.315625 0.7453125 0.16640625 0.09296875
1 0.57421875 0.746875 0.0296875 0.0609375
1 0.0375 0.859375 0.075 0.1875
1 0.5921875 0.753125 0.03515625 0.06953125
1 0.615625 0.76015625 0.03984375 0.084375
1 0.08046875 0.8109375 0.159375 0.2046875
1 0.6484375 0.77734375 0.065625 0.12578125
1 0.12734375 0.7734375 0.253125 0.196875
1 0.21953125 0.76953125 0.21953125 0.15
1 0.80625 0.80625 0.278125 0.2609375
