1 0.528125 0.4453125 0.0140625 0.01875
1 0.303125 0.46953125 0.01484375 0.02421875
1 0.3140625 0.46796875 0.01640625 0.021875
1 0.359375 0.459375 0.015625 0.02109375
1 0.57734375 0.44453125 0.0171875 0.02734375
1 0.58984375 0.44609375 0.0203125 0.0296875
1 0.17890625 0.4859375 0.03515625 0.0359375
1 0.60390625 0.44765625 0.02265625 0.03359375
1 0.61796875 0.44921875 0.025 0.03671875
1 0.01953125 0.53671875 0.0390625 0.1265625
1 0.3375 0.4671875 0.02734375 0.03125
1 0.0875 0.4984375 0.053125 0.0484375
1 0.63359375 0.4515625 0.0265625 0.04140625
1 0.20078125 0.4890625 0.0453125 0.0484375
1 0.04296875 0.5078125 0.0609375 0.05078125
1 0.65625 0.4515625 0.0453125 0.04921875
1 0.6921875 0.45390625 0.065625 0.05859375
1 0.55 0.45234375 0.0359375 0.040625
1 0.13359375 0.4984375 0.0765625 0.05
1 0.24453125 0.4875 0.07578125 0.059375
1 0.75 0.4578125 0.08671875 0.0765625
1 0.83125 0.46171875 0.1359375 0.0984375
