0 0.51015625 0.77109375 0.07578125 0.071875
1 0.37421875 0.709375 0.01640625 0.021875
1 0.27734375 0.71328125 0.0359375 0.040625
1 0.1734375 0.728125 0.09921875 0.084375
1 0.265625 0.71875 0.0359375 0.0484375
1 0.39609375 0.7109375 0.0296875 0.04375
1 0.43125 0.7328125 0.02421875 0.06640625
1 0.0140625 0.7984375 0.02734375 0.1953125
1 0.3609375 0.709375 0.01484375 0.01640625
1 0.2203125 0.7234375 0.09296875 0.07265625
1 0.33828125 0.71015625 0.0171875 0.015625
1 0.1 0.746875 0.1578125 0.134375
1 0.12109375 0.7328125 0.14375 0.10859375
1 0.0625 0.75859375 0.125 0.1671875
1 0.490625 0.73828125 0.1109375 0.115625
1 0.63515625 0.80078125 0.2 0.2171875
1 0.85625 0.82421875 0.2875 0.3515625
