1 0.246875 0.52734375 0.0140625 0.0171875
1 0.34765625 0.52734375 0.0171875 0.03046875
1 0.065625 0.5453125 0.03125 0.025
1 0.0375 0.5484375 0.034375 0.02578125
1 0.2296875 0.5296875 0.02265625 0.040625
1 0.359375 0.53359375 0.02109375 0.040625
1 0.38203125 0.53203125 0.03984375 0.053125
1 0.45546875 0.5453125 0.0796875 0.084375
1 0.103125 0.54375 0.04375 0.0609375
1 0.4078125 0.5375 0.05234375 0.06484375
1 0.86796875 0.6046875 0.2640625 0.36640625
1 0.171875 0.54609375 0.1171875 0.12265625
1 0.6859375 0.578125 0.2984375 0.24140625
