1 0.56328125 0.65078125 0.05390625 0.028125
0 0.16796875 0.61796875 0.021875 0.03203125
1 0.6921875 0.66953125 0.02890625 0.02109375
1 0.9609375 0.69765625 0.04765625 0.0359375
1 0.6234375 0.6625 0.07890625 0.0421875
1 0.0140625 0.55625 0.028125 0.04921875
1 0.1375 0.60234375 0.03046875 0.05625
1 0.31328125 0.62265625 0.06328125 0.0703125
1 0.040625 0.75390625 0.08046875 0.4703125
1 0.07578125 0.625 0.1140625 0.18671875
1 0.23046875 0.61875 0.103125 0.1453125
1 0.76796875 0.67734375 0.04296875 0.0296875
1 0.7375 0.6703125 0.040625 0.02890625
1 0.83515625 0.684375 0.03203125 0.03359375
1 0.5078125 0.6390625 0.053125 0.0390625
