1 0.465625 0.6328125 0.0203125 0.0234375
1 0.378125 0.6296875 0.0109375 0.01171875
1 0.44765625 0.6328125 0.01484375 0.0203125
1 0.471875 0.63359375 0.01484375 0.025
1 0.50859375 0.634375 0.01875 0.0328125
1 0.4875 0.63203125 0.02421875 0.03046875
1 0.52578125 0.6359375 0.028125 0.0375
1 0.17109375 0.64921875 0.02578125 0.03046875
1 0.40390625 0.63125 0.01796875 0.02109375
1 0.1484375 0.6546875 0.04375 0.03359375
1 0.20625 0.65 0.0421875 0.034375
1 0.55 0.63828125 0.0453125 0.0421875
1 0.0484375 0.66171875 0.096875 0.0640625
