1 0.96015625 0.52109375 0.07890625 0.03046875
1 0.2234375 0.49453125 0.0609375 0.0265625
1 0.0453125 0.5125 0.090625 0.04140625
1 0.1203125 0.49765625 0.09140625 0.04296875
1 0.6015625 0.50234375 0.0640625 0.0234375
1 0.4546875 0.49921875 0.05703125 0.0265625
1 0.6734375 0.51171875 0.0640625 0.04296875
1 0.8421875 0.5453125 0.16796875 0.084375
1 0.9203125 0.653125 0.15859375 0.228125
1 0.76796875 0.5453125 0.1515625 0.084375
1 0.08203125 0.6390625 0.1640625 0.24375
1 0.3453125 0.5609375 0.1375 0.1140625
1 0.2171875 0.565625 0.1578125 0.125
