0 0.15390625 0.6296875 0.04140625 0.03515625
0 0.65625 0.6265625 0.02890625 0.0234375
0 0.2890625 0.6546875 0.04921875 0.0703125
0 0.31328125 0.659375 0.04609375 0.0609375
1 0.146875 0.621875 0.0453125 0.03984375
1 0.56328125 0.62890625 0.021875 0.02265625
1 0.184375 0.62109375 0.04765625 0.0328125
0 0.83828125 0.6390625 0.08046875 0.090625
1 0.896875 0.60078125 0.075 0.0859375
1 0.6078125 0.634375 0.065625 0.0609375
0 0.20390625 0.63125 0.01875 0.03359375
0 0.240625 0.63125 0.028125 0.03046875
0 0.25859375 0.63125 0.02109375 0.03203125
