1 0.4546875 0.52421875 0.0171875 0.021875
1 0.4 0.52265625 0.021875 0.01796875
1 0.3796875 0.52109375 0.0140625 0.0171875
1 0.27890625 0.5296875 0.0328125 0.06328125
1 0.2953125 0.5265625 0.04140625 0.05625
1 0.47421875 0.52421875 0.025 0.0234375
1 0.51640625 0.5203125 0.03203125 0.03828125
1 0.55 0.5171875 0.04296875 0.0484375
1 0.94296875 0.52734375 0.1140625 0.1046875
1 0.61796875 0.53046875 0.11875 0.0765625
1 0.1828125 0.53359375 0.171875 0.090625
1 0.75078125 0.53125 0.18828125 0.10234375
