1 0.48515625 0.56953125 0.0109375 0.025
1 0.428125 0.5765625 0.0171875 0.04609375
1 0.48203125 0.571875 0.01171875 0.0265625
1 0.4546875 0.5734375 0.01484375 0.0390625
1 0.41640625 0.5796875 0.0203125 0.0515625
1 0.459375 0.56875 0.02265625 0.04375
1 0.5984375 0.59140625 0.021875 0.0421875
1 0.6078125 0.60859375 0.02265625 0.0625
1 0.43984375 0.5734375 0.02265625 0.0453125
0 0.66796875 0.64296875 0.05 0.0984375
1 0.36796875 0.5875 0.040625 0.06796875
1 0.39453125 0.5828125 0.0359375 0.0609375
1 0.6359375 0.6171875 0.0609375 0.0828125
1 0.321875 0.5921875 0.07734375 0.08046875
1 0.540625 0.584375 0.07890625 0.1671875
1 0.75625 0.65703125 0.165625 0.25078125
1 0.884375 0.746875 0.23125 0.49921875
