1 0.45546875 0.71875 0.01328125 0.02890625
1 0.37109375 0.72109375 0.01484375 0.028125
1 0.47109375 0.7203125 0.02265625 0.03515625
1 0.48671875 0.728125 0.02265625 0.03671875
1 0.40078125 0.71875 0.02421875 0.0453125
1 0.34765625 0.71875 0.03515625 0.0515625
1 0.31171875 0.721875 0.05703125 0.06484375
1 0.51484375 0.73046875 0.05078125 0.059375
1 0.25546875 0.72109375 0.13515625 0.1046875
1 0.653125 0.7515625 0.140625 0.1515625
1 0.140625 0.75703125 0.28125 0.3265625
1 0.84375 0.765625 0.29765625 0.3
