1 0.61015625 0.5828125 0.0296875 0.04765625
0 0.8453125 0.675 0.059375 0.14609375
1 0.3890625 0.55703125 0.0125 0.021875
0 0.6390625 0.60078125 0.04140625 0.0640625
0 0.9640625 0.73203125 0.071875 0.20859375
1 0.29140625 0.5515625 0.0140625 0.02265625
0 0.221875 0.56328125 0.02421875 0.0484375
0 0.74296875 0.65 0.08125 0.1375
0 0.66484375 0.6140625 0.05625 0.0671875
1 0.446875 0.56328125 0.01796875 0.02890625
1 0.27109375 0.5546875 0.03125 0.040625
1 0.35546875 0.56640625 0.028125 0.0484375
1 0.4171875 0.5734375 0.0453125 0.06875
1 0.3203125 0.56796875 0.05546875 0.07578125
