1 0.1546875 0.44765625 0.01796875 0.025
1 0.5671875 0.4796875 0.0609375 0.05
1 0.56953125 0.49296875 0.05546875 0.071875
1 0.12109375 0.4703125 0.025 0.034375
1 0.23125 0.4578125 0.0328125 0.0375
1 0.253125 0.46484375 0.0328125 0.0328125
1 0.50234375 0.4796875 0.059375 0.053125
1 0.36484375 0.475 0.0421875 0.040625
1 0.33046875 0.47265625 0.04296875 0.040625
0 0.571875 0.5484375 0.08671875 0.13359375
1 0.44375 0.48046875 0.0578125 0.0453125
1 0.090625 0.521875 0.059375 0.09921875
1 0.75078125 0.478125 0.1125 0.075
1 0.4 0.4765625 0.04765625 0.0453125
1 0.65234375 0.49296875 0.08828125 0.0796875
1 0.8609375 0.47734375 0.11171875 0.06953125
1 0.04296875 0.53828125 0.0859375 0.13359375
1 0.9109375 0.6671875 0.178125 0.65078125
1 0.196875 0.45546875 0.0203125 0.02578125
0 0.51796875 0.5421875 0.053125 0.08984375
