1 0.44921875 0.5046875 0.04765625 0.021875
1 0.23125 0.47421875 0.04609375 0.021875
1 0.303125 0.4765625 0.03828125 0.021875
1 0.1390625 0.50546875 0.059375 0.053125
1 0.2265625 0.49765625 0.04765625 0.02421875
1 0.78046875 0.553125 0.1 0.0640625
1 0.0671875 0.515625 0.06953125 0.07109375
1 0.3125 0.521875 0.05625 0.05703125
1 0.51015625 0.52734375 0.06953125 0.05625
1 0.56640625 0.52890625 0.06171875 0.053125
1 0.96796875 0.5890625 0.0640625 0.084375
1 0.83828125 0.56640625 0.1609375 0.07578125
1 0.19140625 0.54765625 0.20625 0.0859375
1 0.40625 0.54765625 0.1515625 0.0859375
