1 0.50625 0.4859375 0.009375 0.02265625
1 0.55390625 0.49375 0.0140625 0.0265625
1 0.51640625 0.4875 0.009375 0.015625
1 0.98125 0.59453125 0.034375 0.0828125
1 0.56640625 0.50625 0.021875 0.0375
1 0.49296875 0.490625 0.0171875 0.028125
1 0.60234375 0.55546875 0.05 0.0765625
1 0.39375 0.49609375 0.0953125 0.1046875
1 0.88125 0.659375 0.18203125 0.22734375
1 0.6828125 0.64921875 0.14140625 0.175
1 0.10390625 0.49453125 0.02265625 0.01640625
1 0.05625 0.503125 0.00859375 0.0125
1 0.02890625 0.51875 0.0078125 0.0140625
1 0.03203125 0.50390625 0.00546875 0.009375
