1 0.69453125 0.69765625 0.01953125 0.025
1 0.56484375 0.6546875 0.10859375 0.04765625
1 0.0140625 0.8765625 0.028125 0.178125
1 0.8453125 0.7125 0.0421875 0.075
1 0.7875 0.70546875 0.03046875 0.034375
1 0.678125 0.7015625 0.03125 0.034375
1 0.63984375 0.71953125 0.078125 0.10234375
1 0.9109375 0.7265625 0.1234375 0.1265625
1 0.965625 0.740625 0.06875 0.15
0 0.3828125 0.7484375 0.09375 0.146875
1 0.74453125 0.71484375 0.06875 0.07265625
1 0.44140625 0.72734375 0.0890625 0.109375
1 0.1796875 0.75546875 0.35625 0.303125
1 0.54453125 0.74453125 0.175 0.16875
