1 0.5078125 0.3640625 0.01640625 0.02578125
1 0.48046875 0.3578125 0.01484375 0.0234375
1 0.525 0.36171875 0.0171875 0.0234375
0 0.13203125 0.49765625 0.06640625 0.16640625
1 0.590625 0.37734375 0.02421875 0.03125
1 0.80703125 0.4234375 0.04140625 0.05
1 0.54765625 0.365625 0.01953125 0.02890625
0 0.06640625 0.540625 0.09375 0.23515625
1 0.6296875 0.38671875 0.03828125 0.05390625
1 0.90625 0.44921875 0.08515625 0.075
1 0.67890625 0.40859375 0.04765625 0.053125
1 0.746875 0.43125 0.071875 0.07890625
