1 0.23125 0.65625 0.0203125 0.025
1 0.48515625 0.64453125 0.02421875 0.02734375
1 0.2046875 0.65078125 0.0359375 0.0375
1 0.24765625 0.65390625 0.0203125 0.021875
1 0.4234375 0.640625 0.01484375 0.0171875
1 0.30234375 0.6453125 0.0171875 0.01796875
1 0.503125 0.64453125 0.028125 0.0328125
1 0.45546875 0.640625 0.0171875 0.01875
1 0.28125 0.64765625 0.025 0.02578125
1 0.40703125 0.6421875 0.01875 0.0171875
1 0.52734375 0.6453125 0.03984375 0.0390625
0 0.91953125 0.765625 0.1609375 0.3546875
1 0.06875 0.6796875 0.13515625 0.1015625
