1 0.43125 0.715625 0.01015625 0.01796875
1 0.33671875 0.7140625 0.01875 0.06328125
0 0.4421875 0.73046875 0.01484375 0.040625
1 0.35625 0.71640625 0.0203125 0.0375
1 0.321875 0.721875 0.0328125 0.08515625
1 0.290625 0.728125 0.05859375 0.10078125
1 0.46953125 0.721875 0.034375 0.04609375
1 0.5234375 0.7234375 0.040625 0.059375
1 0.55859375 0.73359375 0.05546875 0.06484375
1 0.390625 0.7265625 0.0578125 0.09453125
1 0.621875 0.7390625 0.0890625 0.1140625
1 0.25078125 0.746875 0.1 0.11015625
1 0.71796875 0.746875 0.1453125 0.16875
