1 0.5625 0.6140625 0.01875 0.021875
1 0.70546875 0.62734375 0.02109375 0.03828125
1 0.578125 0.61171875 0.0140625 0.0171875
1 0.59921875 0.6109375 0.015625 0.01953125
1 0.221875 0.62578125 0.04609375 0.025
1 0.48125 0.61875 0.028125 0.02265625
1 0.27421875 0.63515625 0.0765625 0.07109375
1 0.5375 0.63046875 0.04453125 0.0484375
1 0.421875 0.62890625 0.0390625 0.0375
1 0.93359375 0.78515625 0.13203125 0.30546875
1 0.78125 0.646875 0.0640625 0.0703125
1 0.73359375 0.63125 0.05078125 0.05625
1 0.628125 0.63046875 0.04765625 0.05625
1 0.32734375 0.6578125 0.1046875 0.08359375
1 0.84765625 0.65625 0.11484375 0.08984375
