1 0.609375 0.55546875 0.01640625 0.02265625
1 0.93828125 0.50859375 0.03125 0.03203125
1 0.6265625 0.559375 0.0296875 0.03125
1 0.99140625 0.50703125 0.01640625 0.028125
1 0.55859375 0.55546875 0.0140625 0.021875
1 0.31953125 0.51328125 0.009375 0.01875
1 0.94296875 0.50625 0.028125 0.03203125
1 0.2484375 0.55390625 0.0296875 0.05859375
1 0.37578125 0.55859375 0.021875 0.0390625
1 0.34375 0.5328125 0.01484375 0.03046875
1 0.35859375 0.54453125 0.0234375 0.03515625
1 0.39296875 0.565625 0.028125 0.0515625
1 0.57265625 0.5875 0.03125 0.0515625
