1 0.62265625 0.7109375 0.0515625 0.0171875
1 0.3671875 0.6953125 0.0171875 0.0234375
1 0.3421875 0.696875 0.01328125 0.01484375
1 0.28125 0.69609375 0.01484375 0.01953125
1 0.296875 0.70078125 0.0234375 0.0234375
1 0.04609375 0.71015625 0.03203125 0.0171875
1 0.01640625 0.71328125 0.0328125 0.02265625
1 0.22265625 0.7046875 0.021875 0.025
1 0.07890625 0.70390625 0.03828125 0.025
1 0.26484375 0.703125 0.02265625 0.02265625
1 0.41171875 0.70546875 0.03203125 0.0328125
1 0.19609375 0.7125 0.04375 0.0421875
1 0.471875 0.71640625 0.06796875 0.071875
