1 0.22421875 0.44765625 0.025 0.0265625
1 0.29453125 0.44609375 0.0125 0.02421875
0 0.70703125 0.446875 0.0296875 0.0328125
1 0.32578125 0.4390625 0.01484375 0.0234375
1 0.68125 0.44375 0.02421875 0.028125
1 0.3046875 0.44140625 0.0125 0.01875
1 0.43203125 0.4453125 0.04609375 0.03828125
1 0.15703125 0.44609375 0.0203125 0.03671875
1 0.284375 0.4453125 0.01796875 0.0296875
1 0.13671875 0.45 0.03046875 0.059375
1 0.2625 0.45078125 0.03359375 0.0453125
1 0.0265625 0.45546875 0.04609375 0.06171875
1 0.18515625 0.4515625 0.0484375 0.059375
1 0.55703125 0.4609375 0.13515625 0.09453125
1 0.08984375 0.459375 0.10078125 0.10625
1 0.93828125 0.4796875 0.1234375 0.253125
0 0.7484375 0.4453125 0.01953125 0.034375
0 0.48671875 0.44375 0.02109375 0.03515625
