0 0.30390625 0.7078125 0.03046875 0.0734375
0 0.60625 0.70390625 0.0546875 0.08828125
0 0.44765625 0.7203125 0.03515625 0.07421875
1 0.03515625 0.69140625 0.0703125 0.196875
1 0.77734375 0.67578125 0.1703125 0.10546875
0 0.3484375 0.709375 0.03359375 0.0859375
0 0.2640625 0.70078125 0.02890625 0.08203125
0 0.2359375 0.68359375 0.0265625 0.06484375
0 0.20078125 0.690625 0.0359375 0.06796875
0 0.39765625 0.71484375 0.0390625 0.08671875
0 0.4984375 0.71171875 0.06015625 0.09375
0 0.16484375 0.68671875 0.02890625 0.0703125
0 0.13828125 0.68203125 0.0265625 0.0671875
0 0.55703125 0.71171875 0.05234375 0.0875
