1 0.63515625 0.45234375 0.0328125 0.028125
0 0.48046875 0.559375 0.07890625 0.1203125
0 0.48125 0.559375 0.1140625 0.1234375
0 0.3734375 0.55390625 0.10390625 0.103125
1 0.31953125 0.50703125 0.06953125 0.0890625
1 0.49375 0.46875 0.20234375 0.10625
1 0.990625 0.44140625 0.01875 0.05078125
1 0.953125 0.44609375 0.0578125 0.04140625
1 0.3703125 0.5140625 0.153125 0.1078125
1 0.7125 0.4484375 0.03671875 0.04375
1 0.8953125 0.4484375 0.05859375 0.03828125
1 0.5921875 0.5078125 0.18203125 0.11640625
0 0.5546875 0.565625 0.10546875 0.12109375
0 0.66171875 0.5390625 0.05546875 0.1375
1 0.74296875 0.45703125 0.05546875 0.05
1 0.80546875 0.44609375 0.05703125 0.046875
