1 0.76640625 0.72265625 0.04765625 0.021875
1 0.47109375 0.71015625 0.0203125 0.025
1 0.57109375 0.7109375 0.03671875 0.025
1 0.6765625 0.74609375 0.0515625 0.0484375
1 0.43984375 0.71484375 0.02265625 0.0296875
1 0.80390625 0.7265625 0.0421875 0.040625
1 0.5109375 0.728125 0.04296875 0.0453125
1 0.390625 0.721875 0.02890625 0.0375
1 0.41875 0.7171875 0.0328125 0.0328125
1 0.4546875 0.7125 0.02421875 0.02734375
1 0.634375 0.7390625 0.07734375 0.040625
1 0.221875 0.734375 0.12109375 0.04921875
1 0.93125 0.7828125 0.1375 0.1
1 0.771875 0.77578125 0.22421875 0.103125
1 0.3234375 0.77890625 0.159375 0.15625
