1 0.53046875 0.60078125 0.034375 0.0296875
1 0.37734375 0.59921875 0.01484375 0.02265625
1 0.64921875 0.60625 0.05078125 0.03984375
1 0.44453125 0.59609375 0.015625 0.0171875
1 0.415625 0.5984375 0.01484375 0.01953125
1 0.475 0.6 0.03125 0.03046875
1 0.45859375 0.5953125 0.01640625 0.0203125
1 0.6421875 0.6015625 0.0609375 0.0453125
1 0.56484375 0.58984375 0.0296875 0.01953125
1 0.1875 0.603125 0.02109375 0.02734375
1 0.6875 0.60546875 0.07734375 0.04453125
1 0.81328125 0.6109375 0.071875 0.0515625
1 0.39375 0.6046875 0.03203125 0.034375
1 0.16015625 0.61328125 0.0484375 0.040625
1 0.59140625 0.61328125 0.0578125 0.0484375
1 0.33046875 0.634375 0.1046875 0.10859375
