1 0.32421875 0.559375 0.02578125 0.0828125
1 0.3109375 0.56484375 0.034375 0.09921875
1 0.31875 0.5546875 0.03671875 0.08671875
1 0.33671875 0.54609375 0.0203125 0.04765625
1 0.3921875 0.55 0.015625 0.03125
1 0.41875 0.56015625 0.028125 0.0609375
1 0.365625 0.54375 0.02265625 0.0328125
1 0.4046875 0.5546875 0.01953125 0.04140625
1 0.4390625 0.5734375 0.0515625 0.08203125
1 0.27109375 0.58203125 0.096875 0.13359375
1 0.4859375 0.59453125 0.0875 0.11328125
1 0.80546875 0.753125 0.3890625 0.43515625
1 0.09296875 0.73359375 0.1859375 0.52734375
