1 0.40546875 0.703125 0.00859375 0.0265625
1 0.2140625 0.7328125 0.08203125 0.12421875
1 0.10078125 0.715625 0.0640625 0.09921875
1 0.23046875 0.734375 0.11015625 0.11171875
1 0.2515625 0.73359375 0.0671875 0.10859375
1 0.16640625 0.72265625 0.0640625 0.1109375
1 0.53671875 0.71796875 0.04453125 0.06796875
1 0.05 0.725 0.09453125 0.103125
1 0.35078125 0.71484375 0.0453125 0.06171875
1 0.42890625 0.71015625 0.05 0.09296875
1 0.48671875 0.72421875 0.0640625 0.0984375
1 0.30390625 0.71796875 0.05 0.0859375
