1 0.15703125 0.634375 0.0328125 0.0328125
1 0.1203125 0.634375 0.03671875 0.0328125
1 0.07421875 0.634375 0.05703125 0.0453125
1 0.528125 0.65 0.06953125 0.05859375
1 0.18203125 0.63515625 0.04375 0.0328125
1 0.3203125 0.63671875 0.06171875 0.04296875
1 0.43359375 0.64296875 0.0546875 0.04609375
1 0.49375 0.646875 0.078125 0.053125
1 0.2109375 0.63515625 0.04140625 0.0328125
1 0.24453125 0.63671875 0.053125 0.034375
1 0.39140625 0.64296875 0.05859375 0.04375
1 0.36015625 0.640625 0.0515625 0.03984375
1 0.04765625 0.66328125 0.0953125 0.1234375
1 0.028125 0.6828125 0.05625 0.153125
1 0.9546875 0.715625 0.08984375 0.2
1 0.59375 0.64453125 0.1375 0.07265625
