1 0.678125 0.621875 0.01171875 0.0234375
1 0.45390625 0.63984375 0.01640625 0.04609375
1 0.41796875 0.62265625 0.02734375 0.03359375
1 0.66328125 0.62578125 0.01484375 0.03203125
1 0.090625 0.58828125 0.12421875 0.16015625
1 0.0375 0.6390625 0.075 0.203125
1 0.8953125 0.60625 0.04140625 0.04296875
0 0.20078125 0.640625 0.04921875 0.06640625
1 0.69140625 0.6265625 0.01875 0.0390625
1 0.64453125 0.6265625 0.03203125 0.04921875
0 0.4859375 0.68671875 0.0578125 0.11015625
1 0.56953125 0.65390625 0.08828125 0.08359375
0 0.36953125 0.7265625 0.09140625 0.16015625
