1 0.44140625 0.5875 0.04609375 0.053125
1 0.1015625 0.56328125 0.0296875 0.01796875
1 0.12890625 0.57265625 0.03515625 0.01796875
1 0.62578125 0.58046875 0.07734375 0.0484375
1 0.08046875 0.56015625 0.02421875 0.0203125
1 0.334375 0.578125 0.0265625 0.0171875
1 0.04609375 0.55703125 0.01953125 0.0140625
1 0.70078125 0.578125 0.08671875 0.040625
1 0.221875 0.59140625 0.0421875 0.0390625
1 0.971875 0.56328125 0.03984375 0.03515625
1 0.01953125 0.60859375 0.0390625 0.06875
1 0.31015625 0.5953125 0.05078125 0.053125
1 0.3984375 0.5953125 0.0609375 0.05625
1 0.3546875 0.596875 0.05 0.0484375
1 0.16640625 0.60546875 0.04453125 0.05234375
1 0.0984375 0.6203125 0.1265625 0.09375
1 0.27109375 0.62109375 0.115625 0.08671875
1 0.5578125 0.6453125 0.278125 0.18828125
