1 0.065625 0.49140625 0.015625 0.01640625
1 0.0375 0.5046875 0.02421875 0.03828125
1 0.99140625 0.521875 0.01640625 0.028125
1 0.76015625 0.60078125 0.0484375 0.0453125
1 0.68203125 0.63125 0.0609375 0.06953125
1 0.29375 0.50078125 0.03828125 0.0328125
1 0.40546875 0.5984375 0.08046875 0.09765625
1 0.82578125 0.59296875 0.03515625 0.05390625
1 0.23125 0.49453125 0.04375 0.034375
1 0.57421875 0.63515625 0.05546875 0.08515625
1 0.496875 0.60859375 0.0515625 0.09453125
1 0.63515625 0.63125 0.05546875 0.0875
