1 0.4328125 0.54921875 0.01796875 0.025
1 0.009375 0.55703125 0.01796875 0.08671875
0 0.10703125 0.67890625 0.13203125 0.2109375
1 0.03359375 0.53359375 0.06640625 0.12109375
1 0.51640625 0.553125 0.0171875 0.021875
1 0.26953125 0.553125 0.0296875 0.02890625
1 0.20859375 0.55546875 0.02578125 0.05859375
0 0.1046875 0.68125 0.13203125 0.209375
1 0.3109375 0.5625 0.0578125 0.0453125
1 0.465625 0.559375 0.05 0.06328125
1 0.39609375 0.5765625 0.08828125 0.09609375
1 0.67890625 0.746875 0.62109375 0.50546875
