1 0.46015625 0.5390625 0.01953125 0.0265625
1 0.52421875 0.565625 0.02109375 0.03125
1 0.96875 0.5171875 0.01875 0.0296875
1 0.0484375 0.5109375 0.0171875 0.028125
1 0.06171875 0.521875 0.02265625 0.034375
1 0.4265625 0.559375 0.01875 0.028125
1 0.95625 0.534375 0.028125 0.0421875
1 0.83671875 0.509375 0.0375 0.02734375
1 0.08828125 0.540625 0.03984375 0.05078125
1 0.571875 0.6203125 0.0734375 0.0921875
1 0.871875 0.6390625 0.1125 0.134375
1 0.3640625 0.58515625 0.06640625 0.0671875
1 0.1578125 0.57421875 0.0859375 0.096875
1 0.2671875 0.5984375 0.10859375 0.0953125
1 0.684375 0.7046875 0.1734375 0.14140625
