1 0.20625 0.74921875 0.04140625 0.05390625
1 0.1296875 0.7578125 0.07734375 0.06875
1 0.35078125 0.73515625 0.0234375 0.03671875
1 0.175 0.74765625 0.059375 0.075
1 0.40546875 0.73359375 0.0484375 0.08359375
1 0.33359375 0.73125 0.01796875 0.03125
1 0.603125 0.73671875 0.065625 0.05546875
1 0.11796875 0.7609375 0.05859375 0.0703125
1 0.09140625 0.76171875 0.03984375 0.07734375
1 0.2578125 0.74921875 0.04609375 0.05390625
1 0.475 0.74375 0.0375 0.06484375
1 0.0421875 0.78125 0.084375 0.1375
1 0.9265625 0.765625 0.146875 0.259375
