1 0.93984375 0.52421875 0.0125 0.01875
1 0.625 0.5046875 0.03671875 0.034375
1 0.259375 0.51796875 0.01484375 0.01953125
1 0.6734375 0.515625 0.0515625 0.05
1 0.35 0.50703125 0.02265625 0.0265625
1 0.88671875 0.5328125 0.034375 0.03828125
1 0.509375 0.49609375 0.0359375 0.03984375
1 0.96640625 0.53046875 0.015625 0.0265625
1 0.43203125 0.50546875 0.04375 0.04375
1 0.76171875 0.5375 0.0671875 0.05078125
1 0.8359375 0.5375 0.05234375 0.04375
1 0.46796875 0.49296875 0.02109375 0.025
1 0.5734375 0.48671875 0.0140625 0.02109375
1 0.60078125 0.48671875 0.0140625 0.015625
1 0.53515625 0.48515625 0.0171875 0.015625
