1 0.4078125 0.6390625 0.01171875 0.0125
1 0.3921875 0.63984375 0.0140625 0.01328125
1 0.2921875 0.6421875 0.02890625 0.0171875
1 0.98515625 0.7515625 0.0296875 0.2046875
1 0.23046875 0.64453125 0.03984375 0.02265625
1 0.25703125 0.6390625 0.034375 0.0265625
1 0.34375 0.64375 0.02109375 0.02109375
1 0.48515625 0.65546875 0.0265625 0.03203125
1 0.11484375 0.6453125 0.0671875 0.04296875
1 0.44296875 0.6609375 0.03515625 0.03984375
1 0.5234375 0.6625 0.040625 0.0390625
1 0.3703125 0.63203125 0.01875 0.01640625
