1 0.4921875 0.58671875 0.0125 0.0359375
1 0.48046875 0.5875 0.01796875 0.0390625
1 0.6203125 0.60234375 0.02265625 0.04765625
1 0.4640625 0.59140625 0.0203125 0.04140625
1 0.49765625 0.5828125 0.01953125 0.0375
1 0.59375 0.60234375 0.0125 0.0265625
1 0.47734375 0.58828125 0.0203125 0.0390625
1 0.4265625 0.59921875 0.0296875 0.05
1 0.63125 0.62109375 0.0328125 0.0640625
1 0.4453125 0.59453125 0.03125 0.04765625
1 0.95625 0.8359375 0.0875 0.32109375
1 0.39375 0.60390625 0.05859375 0.06015625
1 0.66328125 0.63828125 0.0578125 0.13984375
1 0.721875 0.65859375 0.12109375 0.196875
1 0.54765625 0.6 0.08515625 0.1765625
1 0.86796875 0.709375 0.2640625 0.38046875
