1 0.28359375 0.6125 0.02421875 0.03828125
1 0.31953125 0.60625 0.0140625 0.02578125
1 0.79375 0.61171875 0.0203125 0.065625
1 0.3109375 0.609375 0.021875 0.03125
1 0.44609375 0.59921875 0.0171875 0.0203125
1 0.2984375 0.6109375 0.028125 0.03515625
1 0.34140625 0.603125 0.0265625 0.025
1 0.60625 0.6078125 0.04765625 0.0484375
1 0.6984375 0.596875 0.03203125 0.03828125
1 0.25546875 0.615625 0.0578125 0.04765625
1 0.74140625 0.59453125 0.07109375 0.053125
1 0.653125 0.60703125 0.06953125 0.05625
1 0.13671875 0.63203125 0.1203125 0.078125
