1 0.3015625 0.52890625 0.0203125 0.025
1 0.4125 0.52890625 0.0296875 0.0296875
1 0.1640625 0.5484375 0.0484375 0.03515625
1 0.08359375 0.55390625 0.025 0.03125
1 0.3703125 0.53125 0.040625 0.03828125
1 0.11484375 0.553125 0.05625 0.03203125
1 0.97734375 0.5 0.04375 0.03984375
1 0.21484375 0.5453125 0.075 0.03984375
1 0.271875 0.53515625 0.04609375 0.02890625
1 0.92109375 0.5046875 0.09765625 0.0453125
1 0.83125 0.509375 0.09375 0.046875
1 0.7484375 0.51171875 0.0609375 0.0453125
1 0.328125 0.534375 0.0515625 0.04140625
1 0.6890625 0.51328125 0.06796875 0.04609375
