1 0.6375 0.53984375 0.0359375 0.01171875
1 0.93046875 0.521875 0.0578125 0.028125
1 0.671875 0.53671875 0.03671875 0.01328125
1 0.72890625 0.53125 0.046875 0.01640625
1 0.4484375 0.5578125 0.02265625 0.0125
1 0.76640625 0.5296875 0.0515625 0.02265625
1 0.97578125 0.5140625 0.0484375 0.040625
1 0.87421875 0.5265625 0.06328125 0.025
1 0.36796875 0.56953125 0.0453125 0.0234375
1 0.2703125 0.57421875 0.046875 0.0265625
1 0.11953125 0.60625 0.06875 0.0453125
1 0.17421875 0.59453125 0.06796875 0.0359375
1 0.23359375 0.58515625 0.06875 0.03203125
