1 0.58125 0.49609375 0.03359375 0.0328125
1 0.45703125 0.496875 0.01484375 0.0171875
1 0.6296875 0.5109375 0.034375 0.0546875
1 0.59375 0.5015625 0.03046875 0.03515625
1 0.9609375 0.4984375 0.0609375 0.0515625
1 0.44375 0.4953125 0.0171875 0.01953125
1 0.4203125 0.496875 0.03203125 0.021875
1 0.97265625 0.546875 0.0546875 0.146875
1 0.6875 0.51796875 0.08828125 0.07734375
1 0.3328125 0.50390625 0.0484375 0.0375
1 0.7234375 0.5296875 0.07265625 0.0953125
1 0.8484375 0.54453125 0.2296875 0.14140625
1 0.50078125 0.52265625 0.06171875 0.06953125
