0 0.96875 0.8125 0.0625 0.365625
1 0.1859375 0.52421875 0.0921875 0.05703125
0 0.525 0.765625 0.07734375 0.23046875
0 0.76796875 0.634375 0.090625 0.12890625
0 0.0328125 0.675 0.065625 0.12265625
1 0.4484375 0.496875 0.01875 0.025
1 0.23203125 0.5171875 0.07109375 0.046875
0 0.48203125 0.65859375 0.05546875 0.11875
0 0.86640625 0.678125 0.11796875 0.19375
1 0.4328125 0.50859375 0.0328125 0.0359375
0 0.80859375 0.6484375 0.1125 0.16015625
1 0.2671875 0.509375 0.07421875 0.046875
0 0.91796875 0.740625 0.14375 0.209375
1 0.4984375 0.5140625 0.0703125 0.06484375
0 0.4203125 0.725 0.0671875 0.18125
1 0.4109375 0.53359375 0.053125 0.0546875
1 0.475 0.5765625 0.071875 0.08984375
1 0.59609375 0.53203125 0.090625 0.08203125
1 0.60234375 0.63984375 0.134375 0.1390625
1 0.35 0.603125 0.11640625 0.13125
0 0.1328125 0.6265625 0.0390625 0.08828125
0 0.103125 0.6421875 0.0484375 0.0859375
0 0.7 0.59921875 0.06640625 0.096875
0 0.17109375 0.540625 0.01953125 0.04453125
0 0.2 0.5453125 0.03984375 0.03828125
0 0.35703125 0.4875 0.01171875 0.01875
0 0.33046875 0.49140625 0.01640625 0.01640625
0 0.3140625 0.49375 0.015625 0.015625
0 0.29921875 0.4921875 0.015625 0.0203125
