1 0.36875 0.48671875 0.01796875 0.01875
1 0.90625 0.578125 0.028125 0.034375
1 0.41015625 0.4734375 0.01875 0.0234375
1 0.4359375 0.46640625 0.021875 0.0296875
1 0.27421875 0.53359375 0.04375 0.03203125
1 0.63046875 0.4953125 0.04296875 0.0671875
1 0.69453125 0.51484375 0.06484375 0.0859375
1 0.1390625 0.64296875 0.13359375 0.11328125
1 0.22109375 0.5546875 0.0296875 0.0203125
1 0.3453125 0.49296875 0.0171875 0.0171875
1 0.296875 0.5203125 0.021875 0.0203125
1 0.30859375 0.5125 0.0171875 0.015625
1 0.31484375 0.50390625 0.01171875 0.0109375
1 0.459375 0.45625 0.015625 0.0203125
1 0.07421875 0.590625 0.0140625 0.02109375
1 0.1375 0.57421875 0.0125 0.01640625
1 0.12734375 0.5703125 0.01171875 0.01484375
0 0.615625 0.60703125 0.034375 0.1015625
