1 0.06953125 0.7109375 0.0578125 0.06953125
1 0.37265625 0.640625 0.0140625 0.0203125
1 0.34453125 0.64609375 0.0171875 0.025
1 0.3828125 0.6390625 0.0109375 0.01796875
1 0.3078125 0.6578125 0.0203125 0.0296875
1 0.0046875 0.73828125 0.009375 0.075
1 0.4890625 0.61875 0.01875 0.025
1 0.32421875 0.653125 0.0234375 0.02734375
1 0.11484375 0.70625 0.1078125 0.0765625
1 0.22890625 0.675 0.05390625 0.0375
1 0.9640625 0.58203125 0.071875 0.07578125
1 0.44765625 0.63515625 0.03046875 0.0359375
1 0.2765625 0.6625 0.0421875 0.04375
