1 0.48046875 0.5453125 0.01484375 0.03203125
0 0.81015625 0.53671875 0.03046875 0.0390625
1 0.4984375 0.55 0.034375 0.04765625
1 0.46015625 0.55234375 0.03125 0.04375
0 0.37109375 0.61484375 0.05 0.13125
1 0.559375 0.55078125 0.046875 0.0765625
1 0.1265625 0.60234375 0.06875 0.0578125
1 0.41640625 0.55390625 0.05703125 0.0828125
1 0.04765625 0.61640625 0.09453125 0.07890625
1 0.278125 0.59296875 0.13515625 0.12578125
0 0.78984375 0.53359375 0.01796875 0.03984375
0 0.73359375 0.534375 0.0296875 0.0265625
0 0.52265625 0.54609375 0.00546875 0.01796875
0 0.51796875 0.54453125 0.0046875 0.01796875
