1 0.11953125 0.734375 0.04375 0.0328125
1 0.26796875 0.71953125 0.02890625 0.02578125
1 0.034375 0.73671875 0.06796875 0.0453125
1 0.8890625 0.72890625 0.08359375 0.0421875
1 0.628125 0.715625 0.0171875 0.0296875
1 0.61328125 0.71640625 0.01640625 0.021875
1 0.16484375 0.73203125 0.05546875 0.0296875
1 0.0109375 0.740625 0.021875 0.040625
1 0.58046875 0.71484375 0.01640625 0.01875
1 0.82890625 0.72890625 0.06484375 0.0375
1 0.0875 0.73671875 0.04921875 0.03125
1 0.64140625 0.71796875 0.0296875 0.03125
1 0.221875 0.7328125 0.05625 0.040625
