1 0.278125 0.45703125 0.01875 0.0359375
1 0.10546875 0.434375 0.0296875 0.01875
1 0.040625 0.45 0.028125 0.03203125
1 0.85859375 0.4765625 0.0421875 0.04296875
1 0.0609375 0.4484375 0.0203125 0.03046875
1 0.2109375 0.4234375 0.01328125 0.01640625
1 0.2375 0.4375 0.01875 0.01796875
1 0.9203125 0.478125 0.0484375 0.0484375
1 0.73125 0.478125 0.0765625 0.05078125
0 0.66953125 0.478125 0.01875 0.0453125
0 0.8484375 0.503125 0.01875 0.06484375
1 0.79296875 0.4859375 0.08671875 0.05390625
1 0.896875 0.5046875 0.07734375 0.07734375
1 0.9796875 0.503125 0.040625 0.078125
1 0.375 0.48203125 0.1671875 0.1
0 0.640625 0.4796875 0.021875 0.053125
0 0.5890625 0.47890625 0.03515625 0.03515625
0 0.8203125 0.5 0.03203125 0.06953125
