0 0.69453125 0.50078125 0.03984375 0.05546875
0 0.81953125 0.51875 0.0671875 0.07890625
1 0.5625 0.5046875 0.14609375 0.09296875
1 0.2046875 0.49453125 0.1546875 0.084375
0 0.36953125 0.49765625 0.0421875 0.0515625
0 0.4015625 0.49609375 0.01875 0.03828125
0 0.41328125 0.4921875 0.0125 0.03984375
0 0.425 0.4921875 0.00859375 0.0296875
0 0.6734375 0.50078125 0.03125 0.0515625
0 0.75859375 0.51171875 0.02265625 0.04765625
0 0.78203125 0.5109375 0.01640625 0.04140625
0 0.84921875 0.5125 0.0296875 0.05234375
0 0.44375 0.48359375 0.0078125 0.02421875
