1 0.54140625 0.609375 0.021875 0.02265625
1 0.3234375 0.6109375 0.021875 0.0484375
1 0.296875 0.603125 0.02109375 0.025
1 0.44296875 0.60390625 0.01484375 0.02734375
1 0.62109375 0.609375 0.04765625 0.040625
1 0.4234375 0.60546875 0.03046875 0.03203125
1 0.94765625 0.6578125 0.103125 0.09140625
1 0.4703125 0.60859375 0.04296875 0.0484375
1 0.25625 0.6078125 0.075 0.05703125
1 0.08671875 0.61328125 0.1734375 0.23125
1 0.3625 0.615625 0.08671875 0.08359375
1 0.80390625 0.68515625 0.32109375 0.2359375
1 0.65625 0.6140625 0.0421875 0.0375
