1 0.53984375 0.5046875 0.01171875 0.0171875
1 0.4953125 0.50625 0.0125 0.0140625
1 0.87421875 0.49921875 0.01875 0.02578125
1 0.8953125 0.49375 0.0125 0.02265625
1 0.42890625 0.509375 0.0140625 0.0171875
1 0.40625 0.51015625 0.0140625 0.0171875
1 0.90625 0.48984375 0.01015625 0.0171875
1 0.55546875 0.5046875 0.015625 0.02421875
1 0.52578125 0.51015625 0.01875 0.02734375
1 0.5703125 0.509375 0.0265625 0.02890625
1 0.96015625 0.5375 0.07890625 0.11640625
1 0.45078125 0.51015625 0.01640625 0.01796875
