1 0.38984375 0.4859375 0.01640625 0.03125
1 0.46640625 0.484375 0.0109375 0.028125
1 0.53515625 0.49921875 0.0171875 0.04375
1 0.51015625 0.4859375 0.009375 0.021875
1 0.52890625 0.496875 0.0109375 0.0390625
1 0.95703125 0.5375 0.0125 0.02421875
1 0.40859375 0.4859375 0.0109375 0.02265625
1 0.94453125 0.5421875 0.0171875 0.0328125
1 0.51953125 0.4921875 0.01328125 0.0296875
1 0.13671875 0.52265625 0.08203125 0.090625
1 0.61015625 0.50703125 0.028125 0.040625
1 0.56484375 0.509375 0.0515625 0.075
1 0.9203125 0.55234375 0.0359375 0.0484375
