0 0.7546875 0.56015625 0.09296875 0.1140625
0 0.83984375 0.6453125 0.16328125 0.2453125
0 0.384375 0.54375 0.02109375 0.0359375
1 0.46015625 0.525 0.021875 0.02578125
1 0.18828125 0.54375 0.11640625 0.1125
1 0.084375 0.5546875 0.16875 0.15703125
0 0.58359375 0.53671875 0.04921875 0.046875
0 0.290625 0.53203125 0.04296875 0.04296875
0 0.253125 0.5359375 0.03359375 0.0453125
0 0.41953125 0.53046875 0.009375 0.015625
0 0.34375 0.53125 0.03125 0.025
0 0.32265625 0.5359375 0.0078125 0.02421875
0 0.96484375 0.61171875 0.0703125 0.1984375
