1 0.01640625 0.55 0.0328125 0.11484375
0 0.796875 0.65546875 0.08515625 0.1265625
1 0.40078125 0.55703125 0.01875 0.05546875
0 0.7375 0.64921875 0.07421875 0.128125
0 0.91875 0.6609375 0.1265625 0.20390625
0 0.759375 0.64765625 0.11640625 0.13359375
0 0.69296875 0.63359375 0.0703125 0.11015625
1 0.41796875 0.55546875 0.0234375 0.0484375
1 0.30859375 0.5578125 0.04765625 0.06875
1 0.3609375 0.5625 0.07890625 0.11171875
1 0.07421875 0.5578125 0.1484375 0.134375
1 0.4703125 0.5875 0.11171875 0.1796875
0 0.63515625 0.609375 0.0421875 0.13203125
