1 0.3640625 0.43359375 0.02578125 0.03046875
1 0.1203125 0.428125 0.0140625 0.01875
1 0.0359375 0.4234375 0.01796875 0.0328125
1 0.10546875 0.4296875 0.01953125 0.02265625
0 0.70859375 0.4703125 0.03203125 0.0375
1 0.0171875 0.42578125 0.034375 0.040625
1 0.07890625 0.43046875 0.0296875 0.034375
1 0.96328125 0.4984375 0.07265625 0.13359375
1 0.590625 0.45859375 0.096875 0.0796875
1 0.41640625 0.475 0.203125 0.13828125
1 0.26875 0.44140625 0.07265625 0.03984375
1 0.25078125 0.41484375 0.09296875 0.0390625
1 0.15390625 0.42578125 0.01796875 0.0265625
0 0.7859375 0.48359375 0.03671875 0.05390625
0 0.74609375 0.48125 0.03515625 0.0359375
