0 0.4984375 0.7484375 0.05390625 0.06796875
0 0.43515625 0.74765625 0.0828125 0.071875
1 0.26796875 0.7109375 0.01484375 0.0234375
1 0.23984375 0.71171875 0.0171875 0.0171875
0 0.459375 0.7484375 0.0640625 0.06640625
0 0.02265625 0.74375 0.0453125 0.1
1 0.25546875 0.71171875 0.0171875 0.02421875
0 0.68203125 0.753125 0.0578125 0.06328125
1 0.35546875 0.7296875 0.06953125 0.06640625
1 0.11953125 0.7265625 0.06640625 0.05703125
0 0.21015625 0.7265625 0.0140625 0.028125
0 0.22109375 0.7234375 0.01015625 0.02109375
