0 0.93203125 0.61484375 0.05390625 0.10859375
1 0.5171875 0.553125 0.0109375 0.0171875
1 0.55390625 0.55546875 0.015625 0.03125
0 0.9671875 0.61875 0.065625 0.11875
1 0.4421875 0.5703125 0.021875 0.05546875
0 0.57109375 0.590625 0.02109375 0.04765625
0 0.984375 0.621875 0.03125 0.14375
1 0.4546875 0.56875 0.02109375 0.0484375
1 0.5015625 0.55625 0.0171875 0.021875
1 0.46171875 0.56015625 0.03046875 0.05703125
1 0.42890625 0.571875 0.02890625 0.06328125
1 0.3984375 0.57109375 0.05625 0.0890625
1 0.365625 0.58046875 0.065625 0.0984375
1 0.30625 0.5921875 0.11875 0.13515625
1 0.13984375 0.60546875 0.2796875 0.2703125
