1 0.453125 0.42421875 0.0375 0.03203125
1 0.6890625 0.421875 0.0375 0.02265625
1 0.19453125 0.4203125 0.03828125 0.0328125
1 0.26953125 0.4234375 0.01875 0.021875
1 0.25078125 0.42265625 0.0296875 0.02265625
1 0.4828125 0.42890625 0.01875 0.03984375
1 0.2953125 0.421875 0.0125 0.015625
1 0.28359375 0.42421875 0.01796875 0.021875
1 0.21875 0.42109375 0.040625 0.03046875
1 0.37890625 0.41484375 0.03671875 0.021875
1 0.33359375 0.42734375 0.0359375 0.03984375
1 0.63046875 0.44375 0.0921875 0.07109375
1 0.03203125 0.61640625 0.0640625 0.4671875
1 0.50703125 0.43203125 0.04453125 0.0515625
1 0.5578125 0.43125 0.0453125 0.05
1 0.58125 0.44375 0.03671875 0.06875
1 0.4234375 0.45 0.14375 0.07421875
1 0.64453125 0.51015625 0.134375 0.1703125
1 0.1046875 0.48671875 0.209375 0.2328125
1 0.8234375 0.5515625 0.353125 0.3375
