1 0.9890625 0.4734375 0.0171875 0.01796875
1 0.99453125 0.53125 0.0109375 0.05
1 0.840625 0.51640625 0.04140625 0.040625
1 0.29453125 0.48984375 0.01875 0.01796875
1 0.39140625 0.47734375 0.01171875 0.015625
1 0.884375 0.51640625 0.03046875 0.0375
1 0.9453125 0.5 0.02421875 0.028125
1 0.19921875 0.515625 0.0484375 0.0359375
1 0.35859375 0.5 0.02421875 0.0265625
1 0.90859375 0.5703125 0.06171875 0.065625
1 0.18046875 0.6421875 0.1625 0.13125
0 0.7125 0.56953125 0.0265625 0.0515625
0 0.61328125 0.53359375 0.0203125 0.040625
0 0.58046875 0.53359375 0.01640625 0.04375
0 0.59609375 0.534375 0.01171875 0.040625
0 0.5609375 0.53359375 0.0171875 0.0421875
0 0.54375 0.53359375 0.0203125 0.046875
0 0.5140625 0.5328125 0.0203125 0.03984375
0 0.490625 0.5265625 0.01875 0.03984375
