1 0.253125 0.5625 0.01875 0.0234375
1 0.7078125 0.64921875 0.1125 0.1390625
1 0.228125 0.56484375 0.0328125 0.025
1 0.19296875 0.57421875 0.028125 0.03671875
1 0.17109375 0.57578125 0.02890625 0.040625
1 0.153125 0.57734375 0.0296875 0.04296875
1 0.27109375 0.584375 0.04921875 0.04921875
1 0.3453125 0.59296875 0.03359375 0.0484375
1 0.5765625 0.60625 0.090625 0.10625
1 0.46171875 0.609375 0.134375 0.14296875
1 0.11875 0.5796875 0.0515625 0.0515625
1 0.9625 0.70390625 0.075 0.36015625
1 0.678125 0.6140625 0.18046875 0.153125
1 0.0359375 0.5953125 0.07109375 0.14921875
1 0.86015625 0.6546875 0.26875 0.24296875
