1 0.26484375 0.525 0.028125 0.0296875
1 0.32734375 0.52109375 0.01875 0.0203125
0 0.0578125 0.571875 0.0765625 0.1
1 0.396875 0.515625 0.03046875 0.0453125
1 0.6796875 0.5078125 0.04375 0.04296875
1 0.23125 0.53359375 0.04296875 0.03203125
0 0.09921875 0.57890625 0.071875 0.10859375
1 0.7640625 0.51015625 0.07890625 0.0625
1 0.7078125 0.51328125 0.05 0.04375
1 0.9671875 0.52734375 0.06484375 0.09765625
1 0.5171875 0.5140625 0.05078125 0.05703125
1 0.3609375 0.528125 0.0703125 0.06640625
1 0.459375 0.52421875 0.0765625 0.08359375
1 0.8578125 0.5140625 0.115625 0.07890625
1 0.60234375 0.5265625 0.1203125 0.1140625
