1 0.3578125 0.71875 0.01875 0.0296875
1 0.321875 0.72109375 0.0234375 0.0359375
1 0.4203125 0.71015625 0.015625 0.02421875
1 0.54453125 0.715625 0.01328125 0.0296875
1 0.5546875 0.7203125 0.01796875 0.03359375
1 0.40546875 0.7140625 0.015625 0.0234375
1 0.5640625 0.72578125 0.01640625 0.04375
1 0.36875 0.7171875 0.01796875 0.028125
1 0.38515625 0.715625 0.01484375 0.025
1 0.34453125 0.71953125 0.01796875 0.03125
1 0.5859375 0.728125 0.04296875 0.065625
1 0.115625 0.73515625 0.06796875 0.07734375
1 0.503125 0.734375 0.05703125 0.0890625
1 0.04453125 0.74296875 0.0890625 0.08359375
0 0.18125 0.82890625 0.11796875 0.24453125
1 0.68515625 0.7703125 0.12578125 0.18046875
1 0.89453125 0.82890625 0.21015625 0.33671875
1 0.78671875 0.83359375 0.20703125 0.28046875
