1 0.44453125 0.50234375 0.01953125 0.02265625
1 0.4453125 0.4984375 0.02265625 0.02578125
1 0.43203125 0.51171875 0.0296875 0.03671875
1 0.16796875 0.5296875 0.09296875 0.06015625
1 0.5140625 0.5125 0.05546875 0.06015625
0 0.96171875 0.8078125 0.0765625 0.2515625
1 0.21484375 0.52109375 0.06171875 0.04453125
1 0.2546875 0.5125 0.0796875 0.04921875
0 0.4828125 0.64453125 0.04375 0.0765625
0 0.5140625 0.7578125 0.06953125 0.1671875
0 0.41640625 0.7046875 0.05625 0.1515625
1 0.41015625 0.5328125 0.05390625 0.05234375
1 0.64765625 0.53203125 0.10546875 0.075
1 0.4828125 0.565625 0.0671875 0.0796875
1 0.34921875 0.60390625 0.11796875 0.13203125
1 0.59609375 0.6203125 0.1140625 0.1265625
0 0.90078125 0.7390625 0.05390625 0.2
0 0.8359375 0.696875 0.06796875 0.1609375
0 0.796875 0.67734375 0.07109375 0.14296875
0 0.72421875 0.621875 0.07890625 0.1109375
0 0.4703125 0.5203125 0.01640625 0.02578125
0 0.05078125 0.665625 0.05 0.10703125
0 0.08671875 0.6421875 0.03125 0.125
0 0.18046875 0.5515625 0.04140625 0.053125
0 0.26796875 0.5234375 0.03515625 0.03515625
0 0.23203125 0.52890625 0.03671875 0.0328125
0 0.15078125 0.5515625 0.021875 0.0515625
0 0.1234375 0.546875 0.028125 0.05234375
