0 0.93828125 0.34296875 0.02734375 0.0390625
0 0.65078125 0.4296875 0.0421875 0.0484375
0 0.92421875 0.34765625 0.03359375 0.046875
1 0.03125 0.62421875 0.025 0.025
1 0.07265625 0.61328125 0.0453125 0.03359375
0 0.89296875 0.3609375 0.05546875 0.05625
0 0.86328125 0.37265625 0.046875 0.0640625
1 0.1125 0.6015625 0.03984375 0.0453125
1 0.97734375 0.32578125 0.0453125 0.1078125
0 0.584375 0.45703125 0.0625 0.05625
1 0.1546875 0.58984375 0.065625 0.0609375
0 0.853125 0.375 0.06953125 0.07421875
1 0.2546875 0.54765625 0.1125 0.109375
