1 0.47421875 0.54140625 0.0296875 0.025
1 0.73984375 0.55078125 0.04296875 0.02421875
1 0.6859375 0.55078125 0.05703125 0.02421875
1 0.7578125 0.55703125 0.0578125 0.02578125
1 0.4453125 0.54765625 0.0515625 0.0359375
1 0.9765625 0.609375 0.04609375 0.103125
1 0.57890625 0.55625 0.034375 0.03359375
1 0.61875 0.575 0.0671875 0.05703125
1 0.38828125 0.55859375 0.11875 0.0484375
1 0.15546875 0.62734375 0.25078125 0.1578125
1 0.91015625 0.61953125 0.1796875 0.09609375
1 0.1203125 0.70625 0.240625 0.2453125
