1 0.56171875 0.47109375 0.01875 0.0171875
1 0.409375 0.475 0.03046875 0.03515625
1 0.20625 0.4859375 0.03984375 0.0296875
1 0.5171875 0.47265625 0.015625 0.0171875
1 0.053125 0.49609375 0.028125 0.040625
1 0.53359375 0.47578125 0.02265625 0.021875
1 0.4328125 0.47734375 0.03984375 0.0375
1 0.1578125 0.4921875 0.06953125 0.03515625
1 0.04921875 0.5859375 0.0984375 0.20625
1 0.0796875 0.5078125 0.06796875 0.0609375
1 0.46875 0.48125 0.06171875 0.03359375
1 0.9421875 0.46953125 0.1140625 0.0875
1 0.271875 0.51171875 0.140625 0.09453125
1 0.7375 0.48671875 0.2234375 0.10234375
