1 0.98359375 0.496875 0.02421875 0.02578125
1 0.96171875 0.49453125 0.02265625 0.02578125
1 0.6078125 0.46328125 0.03984375 0.03828125
1 0.9203125 0.48828125 0.02421875 0.0203125
1 0.94765625 0.4890625 0.01875 0.02109375
1 0.84296875 0.48203125 0.02421875 0.0234375
1 0.68125 0.46875 0.0359375 0.03359375
1 0.771875 0.48125 0.05703125 0.0453125
1 0.88359375 0.4875 0.03828125 0.03828125
1 0.64140625 0.46796875 0.04765625 0.0390625
1 0.434375 0.44921875 0.096875 0.078125
1 0.71796875 0.475 0.0390625 0.04140625
1 0.4984375 0.45078125 0.06171875 0.0671875
1 0.19296875 0.4046875 0.16640625 0.12578125
1 0.07109375 0.4234375 0.1421875 0.0875
0 0.81875 0.49375 0.0140625 0.03125
