1 0.48671875 0.6953125 0.01953125 0.02421875
1 0.334375 0.69921875 0.01796875 0.02265625
1 0.30546875 0.7015625 0.01875 0.021875
1 0.98515625 0.73828125 0.0296875 0.103125
1 0.03828125 0.8109375 0.0765625 0.34140625
1 0.278125 0.703125 0.0265625 0.02734375
1 0.37421875 0.71171875 0.03828125 0.0640625
1 0.2484375 0.70703125 0.03984375 0.0296875
1 0.51953125 0.70546875 0.05390625 0.06328125
1 0.89609375 0.7140625 0.1015625 0.0484375
1 0.43125 0.7515625 0.14765625 0.146875
1 0.6390625 0.734375 0.159375 0.159375
