1 0.96171875 0.55078125 0.0328125 0.06171875
1 0.32421875 0.540625 0.02421875 0.03828125
1 0.07265625 0.5359375 0.0203125 0.0359375
1 0.2734375 0.75703125 0.2875 0.3046875
0 0.05234375 0.6375 0.1046875 0.2828125
1 0.97890625 0.509375 0.01484375 0.025
1 0.99453125 0.509375 0.0109375 0.0234375
1 0.3515625 0.54296875 0.03515625 0.04765625
1 0.1078125 0.54296875 0.05546875 0.04765625
1 0.03828125 0.5359375 0.05546875 0.059375
1 0.26875 0.5359375 0.0890625 0.07734375
1 0.1703125 0.55 0.07109375 0.05625
