0 0.84296875 0.709375 0.1546875 0.22890625
1 0.8140625 0.63828125 0.14921875 0.0984375
1 0.92109375 0.678125 0.1578125 0.225
1 0.32578125 0.59765625 0.05546875 0.0515625
1 0.88203125 0.6875 0.2359375 0.22734375
1 0.68046875 0.67734375 0.28359375 0.1921875
1 0.96953125 0.77421875 0.0609375 0.4296875
1 0.3875 0.61796875 0.06875 0.078125
1 0.5625 0.63359375 0.115625 0.13125
1 0.2515625 0.609375 0.0921875 0.10078125
1 0.153125 0.61640625 0.1015625 0.0890625
1 0.0484375 0.64140625 0.09609375 0.165625
