1 0.353125 0.46484375 0.03203125 0.03828125
1 0.40078125 0.46328125 0.01640625 0.02421875
1 0.2609375 0.475 0.0234375 0.0375
1 0.48984375 0.46640625 0.01875 0.0265625
1 0.57890625 0.47890625 0.05 0.08515625
1 0.2421875 0.478125 0.03046875 0.03984375
1 0.2828125 0.4703125 0.0296875 0.0375
1 0.54921875 0.4765625 0.025 0.0640625
1 0.1734375 0.47890625 0.040625 0.0609375
1 0.53046875 0.46953125 0.02421875 0.0421875
1 0.2125 0.48046875 0.04375 0.04765625
1 0.13984375 0.48515625 0.05390625 0.06875
1 0.5953125 0.503125 0.0609375 0.1125
1 0.0828125 0.49140625 0.07109375 0.08125
1 0.0265625 0.4984375 0.053125 0.1
1 0.6328125 0.51640625 0.06953125 0.15
1 0.7296875 0.53203125 0.18359375 0.2359375
