1 0.0234375 0.51640625 0.01875 0.03125
1 0.98203125 0.5109375 0.0125 0.025
1 0.621875 0.696875 0.1578125 0.21796875
1 0.5171875 0.56875 0.0265625 0.04609375
1 0.62109375 0.6125 0.0609375 0.053125
1 0.04609375 0.5296875 0.04765625 0.053125
1 0.06640625 0.5484375 0.04609375 0.05625
1 0.94921875 0.56328125 0.04140625 0.07734375
1 0.54140625 0.609375 0.04453125 0.0625
1 0.42890625 0.55390625 0.05625 0.046875
1 0.0890625 0.5734375 0.065625 0.0921875
1 0.1375 0.60234375 0.065625 0.14140625
1 0.25 0.64609375 0.12421875 0.190625
1 0.32734375 0.61875 0.11796875 0.1234375
1 0.8671875 0.67578125 0.16484375 0.24140625
