1 0.278125 0.49375 0.02265625 0.0296875
1 0.4265625 0.50234375 0.02578125 0.034375
1 0.35703125 0.49453125 0.0203125 0.01875
1 0.01015625 0.53046875 0.0203125 0.0296875
1 0.3953125 0.50078125 0.021875 0.02734375
1 0.40859375 0.503125 0.0234375 0.028125
1 0.37890625 0.4984375 0.01953125 0.02265625
1 0.6359375 0.509375 0.040625 0.10859375
1 0.45234375 0.503125 0.040625 0.040625
1 0.26484375 0.49765625 0.0359375 0.03515625
1 0.07578125 0.528125 0.08515625 0.0359375
1 0.50234375 0.5078125 0.075 0.0796875
1 0.575 0.5109375 0.11015625 0.09453125
1 0.7984375 0.509375 0.31484375 0.18359375
