0 0.03046875 0.65078125 0.0609375 0.1703125
0 0.2625 0.58359375 0.0578125 0.0703125
1 0.73359375 0.5625 0.01875 0.02890625
0 0.07578125 0.6421875 0.12109375 0.18125
0 0.1609375 0.63359375 0.07734375 0.13203125
0 0.1234375 0.63828125 0.0875 0.15546875
0 0.63671875 0.596875 0.0265625 0.0734375
1 0.66015625 0.571875 0.03125 0.059375
0 0.04765625 0.646875 0.09453125 0.1921875
1 0.69765625 0.57890625 0.053125 0.07109375
1 0.49921875 0.575 0.053125 0.0921875
1 0.35625 0.5828125 0.09296875 0.1015625
1 0.55703125 0.5890625 0.09453125 0.1421875
1 0.8796875 0.67734375 0.240625 0.37265625
