1 0.57734375 0.65 0.05078125 0.05546875
1 0.43359375 0.64375 0.01484375 0.025
1 0.49765625 0.6421875 0.0203125 0.01875
1 0.565625 0.6484375 0.07109375 0.05078125
1 0.3203125 0.65859375 0.05546875 0.1703125
1 0.41796875 0.64765625 0.03046875 0.0421875
1 0.4484375 0.640625 0.01796875 0.0203125
1 0.59765625 0.65703125 0.0515625 0.06953125
1 0.0203125 0.76796875 0.040625 0.30625
1 0.39453125 0.65234375 0.0375 0.05390625
1 0.63125 0.6609375 0.0609375 0.0953125
1 0.36640625 0.65625 0.04609375 0.071875
1 0.6640625 0.66796875 0.05859375 0.1109375
1 0.47265625 0.64453125 0.03046875 0.0328125
1 0.22109375 0.65625 0.2484375 0.2171875
1 0.7546875 0.671875 0.16796875 0.16484375
1 0.884375 0.7109375 0.23046875 0.22734375
1 0.13125 0.71796875 0.2625 0.2546875
