1 0.69375 0.73046875 0.01484375 0.028125
1 0.67109375 0.72265625 0.0109375 0.015625
1 0.2453125 0.70703125 0.0265625 0.0203125
1 0.684375 0.72578125 0.0171875 0.0203125
1 0.7203125 0.73828125 0.02421875 0.040625
1 0.73671875 0.73828125 0.02734375 0.04609375
1 0.709375 0.73359375 0.0296875 0.03984375
1 0.61015625 0.72421875 0.0234375 0.028125
1 0.14921875 0.70859375 0.0578125 0.02890625
1 0.0640625 0.72265625 0.03046875 0.0484375
1 0.028125 0.72421875 0.05546875 0.0609375
1 0.81875 0.77578125 0.1890625 0.17265625
