1 0.72421875 0.7640625 0.015625 0.028125
1 0.8203125 0.73515625 0.025 0.028125
1 0.78828125 0.75234375 0.04765625 0.0453125
1 0.878125 0.7234375 0.0640625 0.05703125
1 0.76953125 0.75390625 0.0203125 0.03203125
1 0.93125 0.69453125 0.0359375 0.046875
1 0.04140625 0.74453125 0.0828125 0.1984375
1 0.971875 0.67734375 0.05546875 0.06171875
1 0.0828125 0.7078125 0.046875 0.05
1 0.4359375 0.79375 0.02578125 0.03359375
1 0.36015625 0.80234375 0.059375 0.0578125
1 0.26875 0.7765625 0.12421875 0.140625
1 0.51328125 0.7953125 0.0125 0.02109375
