1 0.97421875 0.51171875 0.0515625 0.02265625
1 0.94140625 0.5078125 0.06171875 0.021875
1 0.2453125 0.46875 0.05625 0.02109375
1 0.259375 0.46953125 0.084375 0.021875
1 0.1046875 0.465625 0.040625 0.021875
1 0.1109375 0.50078125 0.071875 0.04921875
1 0.89140625 0.50625 0.08515625 0.02265625
1 0.16953125 0.46875 0.0546875 0.02265625
1 0.81640625 0.51796875 0.06640625 0.04921875
1 0.69375 0.48828125 0.04765625 0.02109375
1 0.85859375 0.5578125 0.16484375 0.08671875
1 0.22421875 0.521875 0.075 0.0765625
1 0.48125 0.52421875 0.0890625 0.06953125
1 0.55078125 0.52578125 0.078125 0.0640625
1 0.91328125 0.57265625 0.17265625 0.103125
1 0.07734375 0.5625 0.1546875 0.1375
1 0.32890625 0.55859375 0.22734375 0.1265625
