1 0.10625 0.5453125 0.0328125 0.02421875
1 0.44453125 0.58515625 0.053125 0.04765625
1 0.33515625 0.5875 0.01796875 0.03046875
1 0.86640625 0.4765625 0.0171875 0.02265625
1 0.98984375 0.503125 0.0203125 0.0296875
1 0.54453125 0.5359375 0.02421875 0.028125
1 0.35625 0.5890625 0.028125 0.034375
1 0.40546875 0.59140625 0.02734375 0.0359375
1 0.90625 0.47734375 0.0203125 0.028125
1 0.2953125 0.590625 0.02421875 0.0296875
1 0.38046875 0.58984375 0.02265625 0.03046875
1 0.87734375 0.5265625 0.03984375 0.071875
